cohesion,friction_angle,slope_angle,slope_height,Pore Water Pressure Ratio,UCS,Actual_Stability,Predicted_Stability,Failure_Probability,Error,Actual_Label,Predicted_Label
41.93839871,25.42494365,25.19848021,17.43873625,0.852798103,,0,0,7.583046e-06,0,Stable,Stable
32.59775061,41.04901703,44.78615151,33.80607156,0.856265772,,0,0,1.6538505e-06,0,Stable,Stable
35.15834603,23.97900494,23.95523978,20.65336502,0.376961556,,0,0,6.5301884e-07,0,Stable,Stable
35.13753535,27.47988765,36.74970722,32.34826966,0.466315219,,0,0,3.162845e-07,0,Stable,Stable
39.36219616,28.40127616,34.32902808,15.69206745,0.420747702,,0,0,1.96587e-07,0,Stable,Stable
27.70811073,44.9255776,41.19811955,13.58506281,0.443791303,,0,0,1.2455841e-07,0,Stable,Stable
12.45290267,44.33506522,26.17919066,30.1042742,0.453387347,,0,0,9.734241e-08,0,Stable,Stable
43.38302512,28.34436981,51.46158464,9.351388119,0.949776701,,0,0,0.00069506647,0,Stable,Stable
35.30262106,24.12593326,57.96071363,47.09991373,0.586074369,,0,0,0.0005570836,0,Stable,Stable
48.68276738,42.35013537,14.60838312,44.59632113,0.468424958,,0,0,7.608253e-08,0,Stable,Stable
11.78295833,39.94475765,31.16694308,24.54162549,0.133290381,,0,0,7.1480834e-08,0,Stable,Stable
45.64916004,22.36402438,49.4640891,43.07870015,0.927468461,,0,0,0.0005634186,0,Stable,Stable
13.26033087,22.44922726,59.19364923,35.7263635,0.964132682,,1,1,0.99826103,0,Failure Risk,Failure Risk
49.51429366,38.6491702,57.88155713,13.02966528,0.935254657,,0,0,0.00015397999,0,Stable,Stable
17.41651489,29.81255031,18.80126036,45.74156572,0.701006809,,0,0,6.270297e-07,0,Stable,Stable
16.30005291,30.11731804,31.96258641,14.79234741,0.786519549,,0,0,1.3890304e-06,0,Stable,Stable
17.58069524,21.50056503,58.7905252,16.9781662,0.349008256,,0,0,0.0001019173,0,Stable,Stable
7.992085783,42.4805538,48.66062693,43.90546173,0.666674253,,0,0,0.05819779,0,Stable,Stable
16.67146195,44.1031233,41.97629416,43.72824677,0.839588796,,0,0,4.1619919e-07,0,Stable,Stable
32.72805867,40.83950797,41.59104037,43.09477482,0.565955394,,0,0,1.6076685e-07,0,Stable,Stable
14.04383148,34.38994372,28.36176474,19.3016468,0.987246441,,0,0,4.922312e-05,0,Stable,Stable
42.74964862,41.77991093,53.26095868,17.23519062,0.958095284,,0,0,5.7264213e-05,0,Stable,Stable
5.908771539,35.13631915,45.22599468,27.51228639,0.585116759,,1,1,0.9999881,0,Failure Risk,Failure Risk
18.10531977,25.65514415,30.7205825,21.77021158,0.253921216,,0,0,4.883671e-07,0,Stable,Stable
8.119231762,25.9114894,15.00927022,15.36393097,0.696574235,,1,1,0.99334115,0,Failure Risk,Failure Risk
22.90788753,28.85164654,27.19516003,43.04515722,0.632283701,171.1672323,0,0,3.1961292e-07,0,Stable,Stable
43.62602248,23.9713019,15.88267263,38.21459964,0.356927976,,0,0,7.639232e-07,0,Stable,Stable
43.28288081,36.280099,38.40570905,48.46728628,0.170269352,,0,0,6.4491445e-07,0,Stable,Stable
26.98525223,41.69807271,20.6913307,19.91124983,0.686936303,,0,0,7.5867916e-08,0,Stable,Stable
48.68591672,41.86928331,37.39682581,20.69648976,0.561843562,,0,0,8.6999094e-08,0,Stable,Stable
46.53174943,33.57290875,18.6547402,29.92074792,0.53045954,,0,0,5.6961454e-08,0,Stable,Stable
13.92803282,27.34607297,54.42464683,18.93998934,0.694435141,,0,0,0.0017324892,0,Stable,Stable
24.1490434,43.74812427,44.14145852,18.62733024,0.381498524,,0,0,8.322184e-08,0,Stable,Stable
19.23502591,34.91113974,31.08043035,15.51903579,0.319381716,,0,0,6.993027e-08,0,Stable,Stable
31.26254973,37.57516207,18.70722641,21.09128628,0.972054873,,0,0,6.042052e-06,0,Stable,Stable
20.99028687,41.01016639,29.4823754,34.43681123,0.874523986,,0,0,3.675412e-07,0,Stable,Stable
5.604981979,23.12579039,26.65055597,47.97823455,0.040372758,,1,1,0.9991436,0,Failure Risk,Failure Risk
24.25412817,42.34393771,25.43262384,44.92160635,0.427965314,127.6692628,0,0,3.461427e-07,0,Stable,Stable
47.05724246,38.74418315,15.8804806,23.58141506,0.678591099,,0,0,7.428026e-08,0,Stable,Stable
13.52001891,37.36062374,34.84275792,38.14600545,0.858787233,,0,0,2.3039163e-06,0,Stable,Stable
44.77632784,30.84433504,13.19569879,34.38996522,0.738618619,,0,0,1.7939354e-07,0,Stable,Stable
12.66949408,44.30850941,46.5678024,42.07227029,0.606935686,,0,0,2.344891e-06,0,Stable,Stable
39.59281526,33.49783242,26.87287412,32.35242845,0.646232255,,0,0,1.2033051e-07,0,Stable,Stable
32.71054095,42.78205431,24.90815261,30.44737873,0.010205025,,0,0,4.6403937e-08,0,Stable,Stable
17.59943973,44.73166863,31.51976634,17.5186455,0.059151505,,0,0,6.73649e-08,0,Stable,Stable
48.63074233,37.4166728,59.82770307,25.51640393,0.286584956,,0,0,3.544889e-06,0,Stable,Stable
34.02938505,20.54816074,19.59785757,6.737355212,0.330603751,,0,0,4.4700664e-06,0,Stable,Stable
29.51508269,25.7383221,24.11556011,21.6654891,0.45125844,,0,0,4.142837e-07,0,Stable,Stable
41.86537596,42.10596863,40.22835333,34.7058675,0.580771742,,0,0,9.366258e-08,0,Stable,Stable
46.08031911,44.36557792,15.58207858,33.61263604,0.863949221,,0,0,2.0422931e-07,0,Stable,Stable
32.44916718,33.65684553,41.36860603,18.02555172,0.615771658,,0,0,2.6726394e-07,0,Stable,Stable
21.46422664,28.24939071,17.73425632,7.366215282,0.64696132,,0,0,2.5489618e-07,0,Stable,Stable
27.89331302,28.55706782,18.79382954,18.23626602,0.53107143,,0,0,1.1062914e-07,0,Stable,Stable
24.235274,22.86658015,46.67916305,6.266949159,0.087432522,,0,0,6.972423e-06,0,Stable,Stable
34.5108326,26.03057813,47.97860961,40.63566916,0.900300936,202.1294811,0,0,0.000113772294,0,Stable,Stable
26.8473151,39.22273599,35.12001697,11.22548951,0.655644415,,0,0,2.1923711e-07,0,Stable,Stable
22.25817925,39.65270744,30.51156168,12.42395955,0.540086978,,0,0,1.2657712e-07,0,Stable,Stable
22.49578035,42.21065355,46.7689958,23.89921736,0.310482211,,0,0,1.2523127e-07,0,Stable,Stable
44.38980872,28.16123604,34.37637106,15.70183243,0.507918872,,0,0,2.9576086e-07,0,Stable,Stable
10.44865842,33.61938989,24.9065562,23.35044436,0.39377413,,0,0,6.471509e-07,0,Stable,Stable
9.487893755,21.13145785,11.64920302,25.52661729,0.448188376,73.02859674,0,0,0.08854013,0,Stable,Stable
11.80102999,36.50145431,35.42172938,40.75887551,0.568662141,,0,0,8.123362e-07,0,Stable,Stable
7.405957586,28.73080727,53.51002656,25.72225454,0.706877262,,1,1,0.99998677,0,Failure Risk,Failure Risk
14.84783676,28.83018119,42.17022647,41.82026033,0.606619133,,0,0,2.8873242e-06,0,Stable,Stable
37.00522767,40.64542292,15.43893651,7.233841473,0.720314858,,0,0,1.9842079e-07,0,Stable,Stable
39.2774401,22.02898527,53.07675146,38.34628807,0.124759015,,0,0,1.6021912e-05,0,Stable,Stable
23.28799338,36.74606272,55.56406687,27.58241847,0.994468003,,0,0,0.000110470035,0,Stable,Stable
44.92809508,20.22485732,58.90144865,8.051105737,0.043035157,,0,0,6.389924e-05,0,Stable,Stable
29.14794063,22.9305147,26.44771323,6.666264378,0.254192622,,0,0,1.4395143e-06,0,Stable,Stable
35.68085651,27.15557753,21.97033256,25.83867147,0.689035269,,0,0,3.0249151e-07,0,Stable,Stable
9.005725613,32.94804334,15.32966293,13.7408753,0.159448376,,0,0,8.4617307e-07,0,Stable,Stable
48.51432581,26.06678376,54.08626203,24.54787621,0.523596426,124.2580806,0,0,4.4502598e-05,0,Stable,Stable
26.18420998,26.94993585,16.62974274,49.38146376,0.733828548,,0,0,2.096816e-06,0,Stable,Stable
19.10638805,36.01384492,28.08207228,9.021865005,0.961895699,,0,0,8.966951e-06,0,Stable,Stable
37.18273787,27.54457429,33.65613915,20.20224331,0.500908266,,0,0,2.492614e-07,0,Stable,Stable
8.301234178,38.55447596,44.90123554,18.10199945,0.721322113,,0,0,0.31665513,0,Stable,Stable
31.98588414,27.70590127,15.78425101,39.44208692,0.27715575,,0,0,2.0889428e-07,0,Stable,Stable
17.4501474,24.72823342,37.51809427,27.16306095,0.931322149,,0,0,9.299949e-05,0,Stable,Stable
46.77104059,24.61734442,49.87220987,19.82520812,0.111800603,,0,0,5.2425708e-06,0,Stable,Stable
36.71581263,21.5744477,56.16384199,37.59221573,0.556956991,153.4502953,0,0,0.00040470692,0,Stable,Stable
29.55031449,33.07652272,19.3516115,8.888542345,0.806378589,,0,0,5.482884e-07,0,Stable,Stable
19.77608085,43.43154024,47.1993215,26.1175123,0.900317531,,0,0,5.2171295e-06,0,Stable,Stable
6.168245826,39.55245368,38.04610324,9.58979985,0.498022406,,0,0,0.4446907,0,Stable,Stable
15.58200065,26.00802388,20.84469706,34.00281853,0.826792491,,0,0,7.574583e-06,0,Stable,Stable
46.17845444,39.22029141,28.86773074,47.56935352,0.184519579,,0,0,3.2302074e-07,0,Stable,Stable
48.40066707,38.91061341,17.97346727,21.34315517,0.397966178,,0,0,3.496799e-08,0,Stable,Stable
17.07702644,37.8288496,37.21949559,10.53013857,0.167087464,,0,0,6.759709e-08,0,Stable,Stable
35.54888401,23.34841747,55.80057736,28.32636374,0.171636695,,0,0,9.52899e-05,0,Stable,Stable
26.4042943,31.32332176,29.58104487,20.08834546,0.262930193,,0,0,6.789351e-08,0,Stable,Stable
13.63889776,25.48491776,39.38872451,7.666126824,0.130460064,,0,0,6.1719643e-06,0,Stable,Stable
42.76277647,25.49094979,34.5781856,31.70783268,0.025141704,,0,0,1.2723993e-06,0,Stable,Stable
46.80843621,27.34367004,41.24052445,29.21066648,0.213313496,129.6979245,0,0,2.1820397e-07,0,Stable,Stable
8.900535252,41.07535887,21.70813758,32.02692458,0.345427237,,0,0,1.4356068e-07,0,Stable,Stable
15.90884662,23.73974257,27.72855236,26.79547317,0.2081253,119.864791,0,0,1.2628044e-06,0,Stable,Stable
43.34665927,28.99096204,19.40399525,25.76932034,0.742056923,,0,0,3.5965974e-07,0,Stable,Stable
34.90607426,41.62077332,56.4745306,18.03697069,0.943451513,,0,0,9.775473e-05,0,Stable,Stable
29.13932957,28.02805083,24.27847833,43.59655049,0.811150231,,0,0,1.2429646e-06,0,Stable,Stable
39.43001797,41.00440745,22.62540369,40.52654988,0.138676338,,0,0,6.471528e-08,0,Stable,Stable
12.91360466,31.63267991,20.94810625,48.034175,0.114985194,,0,0,2.3291918e-06,0,Stable,Stable
37.32986636,28.24116242,19.04865577,8.152382285,0.636297788,,0,0,2.550681e-07,0,Stable,Stable
20.40947638,21.5519621,10.93455941,11.43243932,0.797948752,,0,0,1.794352e-05,0,Stable,Stable
7.914748979,20.92089543,56.93106744,25.392917,0.398607131,,1,1,0.9999937,0,Failure Risk,Failure Risk
43.49064509,39.51906907,44.52178473,28.33656278,0.57660735,,0,0,1.7247501e-07,0,Stable,Stable
22.68015331,36.85839509,39.95036064,41.59401477,0.067735122,,0,0,1.0870936e-07,0,Stable,Stable
23.70017895,40.65205174,18.55821874,9.139802259,0.949236813,,0,0,9.7001475e-06,0,Stable,Stable
16.79771983,32.85158116,31.41188703,40.41354039,0.827043018,,0,0,4.6277063e-07,0,Stable,Stable
27.56284154,43.70517655,32.03758617,35.6211618,0.045746397,144.4198323,0,0,3.0560592e-08,0,Stable,Stable
27.76249308,32.52042608,21.79534222,13.38344873,0.745155462,,0,0,4.0872993e-07,0,Stable,Stable
19.86291556,20.27843941,19.19565526,21.5063598,0.8514638,,0,0,4.732883e-05,0,Stable,Stable
36.02658172,26.23091361,32.91091275,36.65414986,0.558062555,,0,0,1.3203845e-06,0,Stable,Stable
33.07581648,22.06835159,54.53961769,45.16559759,0.607273225,,0,0,0.00059429556,0,Stable,Stable
48.58762169,35.89348394,20.02485353,36.02704648,0.305334662,,0,0,2.526372e-08,0,Stable,Stable
39.40536731,35.52416069,40.63161039,34.23869144,0.909671813,,0,0,1.3108191e-06,0,Stable,Stable
19.66260177,25.14426305,55.33111825,45.91833477,0.657716088,,0,0,0.00048996403,0,Stable,Stable
12.89801536,29.46179412,42.35652302,30.0057208,0.84202656,,0,0,0.00022529389,0,Stable,Stable
41.25937246,29.75783031,51.06853013,12.54689983,0.482385251,,0,0,1.0035288e-06,0,Stable,Stable
19.98104433,24.61279989,32.96462268,9.266799882,0.494517044,105.6615668,0,0,2.0669595e-06,0,Stable,Stable
34.98373954,37.38264194,16.97400699,13.18259624,0.554178732,,0,0,8.23639e-08,0,Stable,Stable
38.98258665,40.43609466,44.25815611,37.11187667,0.026273833,,0,0,7.2322734e-08,0,Stable,Stable
5.430277078,22.49054452,51.83852151,5.013995564,0.580146017,,1,1,0.9999988,0,Failure Risk,Failure Risk
41.23717687,24.93131944,25.43072458,26.59462108,0.448531326,,0,0,6.7841074e-07,0,Stable,Stable
28.90150847,40.79133719,42.40842692,48.64237878,0.28388774,,0,0,6.6039956e-07,0,Stable,Stable
32.98474227,35.09997322,48.47757858,10.5894018,0.243723706,,0,0,1.6036473e-07,0,Stable,Stable
38.46953063,26.37648631,41.45907273,29.62860989,0.343382121,,0,0,7.8397306e-07,0,Stable,Stable
6.806649651,20.90149405,36.83770181,10.16300123,0.877277807,,1,1,0.9999989,0,Failure Risk,Failure Risk
24.26215064,20.3386081,53.03974226,29.68233551,0.5215915,,0,0,5.857897e-05,0,Stable,Stable
39.65137109,36.84723497,14.04382199,27.6966798,0.288282866,,0,0,3.1915143e-08,0,Stable,Stable
26.73290134,40.61439676,20.11681257,30.6763474,0.788477847,,0,0,1.2514626e-07,0,Stable,Stable
39.46335368,38.62011882,51.0841078,38.79073979,0.063268352,,0,0,2.9560522e-07,0,Stable,Stable
44.99119467,21.94734414,24.66617382,16.54535838,0.022231114,156.9884108,0,0,2.4559931e-06,0,Stable,Stable
5.973880757,43.34731289,14.08410331,27.9517469,0.918477233,,0,0,0.012365031,0,Stable,Stable
43.78226589,26.09341655,28.06139378,48.86007383,0.985181258,,0,0,5.560101e-05,0,Stable,Stable
5.817108452,40.81230925,42.46098168,12.05578295,0.890809092,,1,1,0.99879223,0,Failure Risk,Failure Risk
36.76379274,34.43171234,25.69402064,35.24453891,0.581539765,,0,0,5.5051736e-08,0,Stable,Stable
30.82208311,26.56074963,39.27144142,29.54934285,0.665786223,,0,0,6.785402e-07,0,Stable,Stable
12.73172802,22.59567715,27.083457,39.32318605,0.896176633,,0,0,0.16320036,0,Stable,Stable
24.07548884,41.16103021,37.61895041,44.36152527,0.18661732,,0,0,1.36794e-07,0,Stable,Stable
16.78055005,26.99808715,42.87626639,11.03682266,0.210278741,,0,0,3.7035605e-07,0,Stable,Stable
25.89666441,23.8602527,34.68503484,46.26044135,0.650367249,,0,0,3.217969e-05,0,Stable,Stable
7.059935274,39.85205109,31.6023577,20.69370636,0.667533251,,0,0,0.021140313,0,Stable,Stable
21.62654256,25.32616867,42.6187049,7.049689883,0.463652397,,0,0,3.6347444e-06,0,Stable,Stable
45.23245723,34.86496135,58.81795498,48.6381237,0.987821073,215.0814035,0,0,6.428815e-05,0,Stable,Stable
49.50676588,27.71939441,39.86362831,35.88032439,0.28554456,,0,0,3.112011e-07,0,Stable,Stable
11.74173287,44.30846696,23.00468568,46.81847662,0.295173973,,0,0,1.7888782e-06,0,Stable,Stable
40.55492805,38.2330187,26.84179224,25.53654803,0.358017061,,0,0,3.8307448e-08,0,Stable,Stable
31.91872453,40.43588173,29.41530705,15.88813072,0.969382844,,0,0,6.635354e-06,0,Stable,Stable
45.59991289,42.31765785,25.68257043,20.63154979,0.893122601,,0,0,5.0015535e-07,0,Stable,Stable
26.31920692,39.2246,35.35802955,48.22507508,0.862517617,113.250093,0,0,1.7283164e-06,0,Stable,Stable
40.91768612,20.03618051,30.40729059,36.12557042,0.435335421,,0,0,1.6349615e-05,0,Stable,Stable
5.548439796,20.66613228,22.23110391,17.37002668,0.782963251,,1,1,0.9999894,0,Failure Risk,Failure Risk
19.32244458,40.2151063,43.78223179,40.83802995,0.999768965,,0,0,8.563781e-06,0,Stable,Stable
23.24863497,27.18713408,31.60389096,9.749999612,0.822844078,,0,0,3.1093841e-06,0,Stable,Stable
21.81637264,40.40675994,11.98454287,10.91606759,0.690582626,,0,0,1.5238862e-07,0,Stable,Stable
20.75908664,43.05390232,41.86806956,41.55414472,0.532508246,,0,0,1.387984e-07,0,Stable,Stable
36.96744413,34.56796755,20.6406613,17.5297871,0.900658651,,0,0,1.000181e-06,0,Stable,Stable
36.24247027,38.77952904,15.53647555,27.87535976,0.905116113,,0,0,8.974531e-07,0,Stable,Stable
36.04960384,39.76568348,36.45173029,23.33608836,0.523793593,,0,0,6.00096e-08,0,Stable,Stable
22.15144919,38.74590558,41.53684397,13.6396302,0.032752177,,0,0,8.053255e-08,0,Stable,Stable
44.78315492,24.86984459,45.35089178,29.07468803,0.925482931,,0,0,0.00057113846,0,Stable,Stable
15.86589027,37.57302495,55.95143257,35.89759157,0.422181195,,0,0,2.84117e-06,0,Stable,Stable
46.752902,25.99794797,26.88618665,24.37401228,0.012046385,,0,0,3.3675087e-07,0,Stable,Stable
23.05964498,32.83481005,44.3349718,10.48584366,0.281760328,,0,0,1.312157e-07,0,Stable,Stable
48.44709223,26.67724443,11.36998858,10.26575918,0.312804211,,0,0,2.2200892e-07,0,Stable,Stable
32.22821683,22.09107726,49.25340287,25.11816431,0.104651987,,0,0,7.094612e-06,0,Stable,Stable
37.87394095,38.87188867,55.72910836,32.41799189,0.252554981,,0,0,2.1884866e-06,0,Stable,Stable
21.29804409,34.59593151,55.23017418,12.32823602,0.295712457,,0,0,2.2980485e-06,0,Stable,Stable
19.24419791,20.93143027,26.92078455,46.89919756,0.472687364,,0,0,3.670798e-05,0,Stable,Stable
39.71681937,34.37075067,18.91416141,30.37208658,0.628775346,,0,0,5.9289544e-08,0,Stable,Stable
27.0360519,26.37790912,49.75480312,5.888423655,0.569617232,,0,0,6.997329e-06,0,Stable,Stable
34.10487325,42.37610719,39.49135344,12.13610067,0.982619186,,0,0,6.77547e-06,0,Stable,Stable
46.98331469,33.21852529,35.77084811,18.52616181,0.1033346,,0,0,6.226707e-08,0,Stable,Stable
11.34769098,23.51540892,15.65778914,14.21362778,0.594997763,,0,0,0.0020951917,0,Stable,Stable
24.97625141,32.95895666,43.77695811,21.78777689,0.671932241,,0,0,6.693238e-07,0,Stable,Stable
11.38229729,24.77766095,46.8819488,23.20302105,0.055970378,,0,0,0.00212324,0,Stable,Stable
10.24450745,30.25714277,15.80691498,28.99345237,0.752171105,,0,0,6.32172e-05,0,Stable,Stable
35.86426049,34.62343747,23.26442577,9.793730019,0.92541536,,0,0,3.8120206e-06,0,Stable,Stable
32.51892176,30.906732,15.00745692,34.28877322,0.067500052,,0,0,3.4152418e-08,0,Stable,Stable
36.05948495,38.56240151,27.59475058,23.39576029,0.056706399,,0,0,4.5970342e-08,0,Stable,Stable
32.34752365,35.21480217,35.8440337,33.34419253,0.214097261,,0,0,3.1917274e-08,0,Stable,Stable
31.25238045,34.04885356,47.8744086,23.45619593,0.595398747,137.3310191,0,0,7.564704e-07,0,Stable,Stable
49.81579882,22.4760083,41.4442124,36.51428496,0.288028694,,0,0,9.715997e-06,0,Stable,Stable
30.73440724,26.64096666,59.45852004,41.80971033,0.714717129,,0,0,0.00012895754,0,Stable,Stable
10.05821201,21.41877955,19.14352176,38.00194382,0.245652153,,0,0,0.038671803,0,Stable,Stable
23.0098593,38.61417988,15.47448542,22.18853448,0.532313141,,0,0,4.8058197e-08,0,Stable,Stable
14.53916844,30.20170508,12.25710369,20.88836094,0.677844498,,0,0,3.4043913e-07,0,Stable,Stable
35.60896056,42.66250691,13.60727868,43.92821711,0.046425122,,0,0,5.3986422e-08,0,Stable,Stable
42.41193277,38.63084633,43.79144657,7.068428588,0.413825556,,0,0,1.08386786e-07,0,Stable,Stable
42.63394438,44.78071115,28.10393355,10.68464772,0.764836187,,0,0,2.963487e-07,0,Stable,Stable
21.95688228,29.89384626,32.8981658,37.68539877,0.181656906,,0,0,1.13521786e-07,0,Stable,Stable
7.890586163,27.05006424,47.28243418,25.5063718,0.775907948,,1,1,0.9999964,0,Failure Risk,Failure Risk
45.77087551,34.70140168,41.74994096,15.44952479,0.659106914,,0,0,2.6765878e-07,0,Stable,Stable
21.21792823,29.8883599,57.58752579,17.58386206,0.958117628,,0,0,0.00066060515,0,Stable,Stable
33.86706661,43.67720812,41.06159952,29.46623304,0.316869925,,0,0,5.225591e-08,0,Stable,Stable
20.40382782,29.87529175,52.43627852,28.07199777,0.498331967,,0,0,9.1639123e-07,0,Stable,Stable
9.304861389,44.32883233,20.24433013,38.28884499,0.769727304,,0,0,1.7930902e-06,0,Stable,Stable
23.00654603,25.20460064,33.91365263,46.85398286,0.367434381,,0,0,8.1658245e-06,0,Stable,Stable
6.2986061,40.41418024,26.28998595,5.000753132,0.890751703,,1,0,0.08399919,1,Failure Risk,Stable
33.06316763,23.95773828,17.0927763,40.86357847,0.651481935,,0,0,1.8566703e-06,0,Stable,Stable
39.92220315,33.13762858,30.45276907,46.00517153,0.467339554,,0,0,4.5506195e-07,0,Stable,Stable
22.93698482,43.11921716,17.30076074,20.01072476,0.559851857,,0,0,5.4374777e-08,0,Stable,Stable
23.47718302,37.7376198,16.04743508,10.49782928,0.068297737,,0,0,5.961635e-08,0,Stable,Stable
38.88888775,25.22301694,42.25023355,34.52118438,0.607092237,,0,0,8.451662e-06,0,Stable,Stable
8.466201337,25.17942319,33.79358482,6.564542141,0.58571458,,1,1,0.9999788,0,Failure Risk,Failure Risk
19.77584332,43.67774035,20.66750209,47.79783634,0.750963486,,0,0,3.7716106e-07,0,Stable,Stable
46.07864105,28.67154677,39.93915595,16.07728269,0.067181874,,0,0,2.1554196e-07,0,Stable,Stable
43.65672663,26.67847114,13.54637559,13.70895762,0.00062975,,0,0,1.8879136e-07,0,Stable,Stable
7.543158097,22.18716724,12.59059608,29.15118814,0.887730517,,1,1,0.99942267,0,Failure Risk,Failure Risk
12.04853815,22.6528365,27.99931724,31.51640742,0.901768927,,1,1,0.7959876,0,Failure Risk,Failure Risk
19.71312891,34.68939944,50.01208715,41.63020688,0.38030191,,0,0,4.2590693e-07,0,Stable,Stable
30.71082046,21.40568575,14.29302953,47.94887846,0.973012753,,0,0,0.0003738498,0,Stable,Stable
49.60699244,25.4473266,44.6106963,43.18178586,0.375959988,,0,0,8.571298e-06,0,Stable,Stable
36.25438883,21.00601054,37.18728224,14.92545473,0.747862245,,0,0,0.00010031058,0,Stable,Stable
7.724851531,34.81949235,20.82978411,30.0049935,0.213944787,,0,0,2.4728797e-06,0,Stable,Stable
21.30847888,42.9395696,54.59861184,5.360715135,0.340573758,,0,0,1.5675361e-06,0,Stable,Stable
42.14364969,21.86682325,13.52285274,17.15313578,0.986300177,,0,0,0.00032281483,0,Stable,Stable
35.81251417,23.1454367,55.394891,45.71530368,0.992739306,,0,0,0.0034445568,0,Stable,Stable
39.13050863,28.5995744,25.0062464,18.24407054,0.129538848,,0,0,1.2591674e-07,0,Stable,Stable
18.62481166,20.95170578,54.28040496,10.65732048,0.127944861,,0,0,4.6921592e-05,0,Stable,Stable
35.03967226,21.44058454,45.69050987,29.88053716,0.0027671,,0,0,1.1017331e-05,0,Stable,Stable
36.68550594,20.88377053,30.37997651,23.79866537,0.657298603,,0,0,3.3099826e-05,0,Stable,Stable
38.17713574,28.93986943,45.96499685,29.68096161,0.328044789,,0,0,4.4890712e-07,0,Stable,Stable
23.24621628,42.94440631,33.91473277,40.90270412,0.244491196,,0,0,9.470087e-08,0,Stable,Stable
45.30511457,36.44193584,12.34303779,27.51891319,0.665777069,,0,0,6.950528e-08,0,Stable,Stable
23.44273151,40.6026031,30.61032085,30.89739638,0.153755444,174.1285516,0,0,3.3985092e-08,0,Stable,Stable
37.93855273,25.87090123,37.74492283,33.78993458,0.009360966,,0,0,4.6982876e-07,0,Stable,Stable
31.32101751,40.1556831,32.09335619,29.38562961,0.02703969,,0,0,3.959166e-08,0,Stable,Stable
7.328546585,27.85000939,54.83240817,19.82813989,0.105834814,,1,1,0.9956963,0,Failure Risk,Failure Risk
34.04607915,28.16584651,25.4982441,24.66365765,0.623222763,,0,0,1.4432324e-07,0,Stable,Stable
31.38638636,41.42789856,21.4099032,30.01872465,0.00456917,,0,0,4.2336858e-08,0,Stable,Stable
47.34304796,37.21460722,31.80041665,15.47526071,0.409784394,,0,0,7.197952e-08,0,Stable,Stable
45.88007926,40.21226135,38.58732365,12.08698873,0.753366562,,0,0,5.365116e-07,0,Stable,Stable
19.42991268,44.44406971,18.69836344,16.31524009,0.509313285,,0,0,7.2529815e-08,0,Stable,Stable
15.78244244,39.28925426,23.98110848,36.18232943,0.024502768,,0,0,3.3328206e-08,0,Stable,Stable
45.77619144,21.12066785,51.91717354,36.65689887,0.486078652,,0,0,7.775891e-05,0,Stable,Stable
48.22703645,36.25852923,20.54484879,47.37664106,0.977485185,,0,0,6.8024688e-06,0,Stable,Stable
36.75034357,34.11407853,36.69215465,16.20698189,0.25267579,,0,0,8.2811106e-08,0,Stable,Stable
26.65093149,29.55852826,12.00994892,40.38528887,0.408821791,,0,0,1.0333033e-07,0,Stable,Stable
8.05667919,40.48494612,34.64920039,30.4314623,0.136449754,,0,0,2.4622494e-07,0,Stable,Stable
22.22708936,34.42363107,55.92179938,36.74223748,0.648596891,120.5557843,0,0,1.2858389e-05,0,Stable,Stable
6.415573786,20.98988929,54.44428365,34.90162222,0.152694288,,1,1,0.99996567,0,Failure Risk,Failure Risk
22.08319099,22.56888606,10.31610448,47.26784955,0.881516798,,0,0,4.093586e-05,0,Stable,Stable
30.49099727,40.4559507,54.75959998,18.8189119,0.353853801,,0,0,2.3731993e-06,0,Stable,Stable
46.28128933,23.05632591,25.9607731,22.365063,0.906723057,,0,0,4.542121e-05,0,Stable,Stable
32.04845596,29.69915833,41.89674972,22.1705912,0.417870018,,0,0,1.1215118e-07,0,Stable,Stable
30.67568191,43.98094762,28.00517234,41.16939551,0.166997093,,0,0,8.099144e-08,0,Stable,Stable
15.63111355,34.36136596,26.47738391,27.28566424,0.246451555,,0,0,6.1904586e-08,0,Stable,Stable
36.62522947,28.52610338,12.2483254,32.86777374,0.170390804,,0,0,6.732418e-08,0,Stable,Stable
20.60420324,39.34746672,59.1458558,45.40376778,0.655419875,,0,0,1.8708004e-05,0,Stable,Stable
36.78026765,25.2456509,19.19421963,24.7312628,0.822246595,,0,0,3.5030318e-06,0,Stable,Stable
18.25920064,34.64922947,58.42793458,44.50421425,0.450148305,112.0484331,0,0,6.882627e-06,0,Stable,Stable
11.46098586,31.5300618,51.19380875,9.21118636,0.416241694,,0,0,0.00014026073,0,Stable,Stable
32.24301674,36.20276469,24.28375941,10.84985085,0.255434095,,0,0,5.906312e-08,0,Stable,Stable
34.77943196,28.3301058,36.65164425,14.17150524,0.398122222,,0,0,2.146226e-07,0,Stable,Stable
13.60323676,23.98495852,12.61255786,33.5503697,0.027532282,,0,0,2.4688054e-06,0,Stable,Stable
13.63445209,41.42794877,15.08511418,22.62002106,0.927869112,,0,0,8.658986e-06,0,Stable,Stable
8.983357365,35.9588396,31.28387405,48.47859915,0.227697263,,0,0,9.375618e-05,0,Stable,Stable
7.41434738,20.60280899,25.91802066,37.78243595,0.471891748,,1,1,0.9999715,0,Failure Risk,Failure Risk
13.48695191,42.44875858,56.88872733,27.56370503,0.846067152,,0,0,0.0010954358,0,Stable,Stable
7.496777393,43.05487097,53.02083058,27.23689506,0.518815125,,0,0,0.0024314472,0,Stable,Stable
33.22960113,36.21814759,45.44669512,43.52938352,0.797799877,,0,0,1.414275e-06,0,Stable,Stable
20.07721269,23.33516203,28.74053157,44.70958581,0.571667709,,0,0,5.48332e-06,0,Stable,Stable
26.58343803,36.38568753,14.72464342,10.28429005,0.168427971,,0,0,5.1348408e-08,0,Stable,Stable
33.86150687,42.964337,51.21937424,30.90677385,0.083679276,,0,0,1.8775322e-07,0,Stable,Stable
44.16367003,35.57776719,29.91146212,39.04114306,0.423715984,,0,0,8.268279e-08,0,Stable,Stable
5.431220947,42.864342,59.24512181,44.11835319,0.787146956,,1,1,0.9976447,0,Failure Risk,Failure Risk
18.37027212,38.11754532,38.62790861,20.13819166,0.573223045,,0,0,1.10027294e-07,0,Stable,Stable
44.97942673,31.70750497,29.67575313,24.67725568,0.68046288,,0,0,1.9866505e-07,0,Stable,Stable
30.8275395,24.98711979,15.15368183,14.95987041,0.515540561,,0,0,6.490898e-07,0,Stable,Stable
8.22427764,26.70606733,46.60873239,11.86314275,0.877503336,,1,1,0.99999857,0,Failure Risk,Failure Risk
19.26831962,21.81778036,47.19211227,34.4774036,0.406748329,,0,0,1.98532e-05,0,Stable,Stable
26.71031617,35.95689049,21.31395763,34.60764674,0.327388973,237.720076,0,0,2.9847303e-08,0,Stable,Stable
48.14107943,20.88255636,59.09312749,24.40006798,0.754914374,,0,0,0.0021845181,0,Stable,Stable
39.10159876,34.345469,29.42388751,29.01827064,0.447288435,,0,0,5.0052755e-08,0,Stable,Stable
49.34233131,30.12164061,32.09226616,32.10510119,0.110758958,,0,0,7.207101e-08,0,Stable,Stable
46.48800336,25.0454902,33.24351853,27.59286784,0.681110214,140.4506851,0,0,3.9354804e-06,0,Stable,Stable
9.977078817,35.90777039,35.64508264,20.82909053,0.33324833,,0,0,3.624491e-07,0,Stable,Stable
5.182726383,38.86337504,53.17791725,33.84257284,0.639969701,,1,1,0.99975926,0,Failure Risk,Failure Risk
7.845095266,26.61906783,42.87292909,8.235012455,0.092709397,,1,1,0.72340167,0,Failure Risk,Failure Risk
6.619542299,26.083863,46.69274125,28.97272683,0.039651699,,1,1,0.9995245,0,Failure Risk,Failure Risk
18.60793339,32.84362861,23.63828296,13.69041266,0.498961108,,0,0,1.0656159e-07,0,Stable,Stable
35.72347278,20.14383156,44.18803874,23.0850605,0.441714572,,0,0,2.6771248e-05,0,Stable,Stable
10.02214398,24.04957317,17.87543191,30.60758982,0.601822532,,0,0,0.24690558,0,Stable,Stable
38.73138305,27.3615616,46.51587084,16.82439774,0.355865571,,0,0,7.3874884e-07,0,Stable,Stable
39.65502435,32.82983887,47.53702804,9.86511459,0.891511255,,0,0,1.7674805e-05,0,Stable,Stable
25.50710143,20.75026219,11.18234005,14.6567423,0.574419971,,0,0,9.746074e-06,0,Stable,Stable
18.35834154,36.76024442,59.16380443,7.318017146,0.115758354,,0,0,2.320724e-06,0,Stable,Stable
7.327439715,33.1821681,44.93627488,46.63804257,0.227760308,,1,1,0.68022543,0,Failure Risk,Failure Risk
8.19624461,40.63045891,35.28978121,29.97267697,0.03243332,,0,0,2.4996365e-07,0,Stable,Stable
21.75648342,33.88278893,11.34979959,41.62136848,0.449321851,,0,0,5.6273137e-08,0,Stable,Stable
7.876542389,21.53507548,22.00647452,49.0526129,0.16206399,,1,1,0.9391281,0,Failure Risk,Failure Risk
30.04726542,23.10595992,49.05802369,35.580271,0.322998422,,0,0,1.6112699e-05,0,Stable,Stable
30.35226833,35.84470497,36.20126916,17.85057691,0.981080189,,0,0,6.03612e-06,0,Stable,Stable
29.21357943,31.21289268,37.93929135,49.57411185,0.780305756,158.5941693,0,0,2.9817627e-06,0,Stable,Stable
34.19716444,44.52637096,33.44487723,12.32496431,0.373216761,,0,0,7.763908e-08,0,Stable,Stable
6.304411854,44.77330407,21.32552712,37.67539895,0.406746163,,0,0,1.4790489e-05,0,Stable,Stable
37.7969981,41.84892807,46.25668559,13.90631141,0.921373632,,0,0,1.25242495e-05,0,Stable,Stable
41.2558155,22.89833777,51.01892569,34.09400986,0.361099182,,0,0,2.2084478e-05,0,Stable,Stable
32.54940785,26.13793476,44.03081537,34.04759998,0.97857883,,0,0,0.00021802491,0,Stable,Stable
21.02626229,26.43231419,55.71359256,28.70998523,0.388975575,,0,0,2.6419952e-05,0,Stable,Stable
23.93070067,38.22133425,18.46406388,38.70553337,0.092427989,,0,0,3.7413276e-08,0,Stable,Stable
19.2425963,37.04696565,53.7727901,33.27913708,0.065961588,,0,0,2.0972988e-07,0,Stable,Stable
8.985567822,24.45733154,27.10367284,45.35256838,0.632283445,,1,1,0.99878436,0,Failure Risk,Failure Risk
23.49691544,34.68465477,15.7547132,46.36162954,0.456931321,,0,0,1.929721e-07,0,Stable,Stable
29.274546,24.09793007,32.68828196,47.76108683,0.073289812,,0,0,5.794461e-06,0,Stable,Stable
40.03456196,28.14544698,59.64158974,45.64364095,0.579241564,,0,0,0.00014189004,0,Stable,Stable
37.16462113,43.51183408,10.3845518,49.21590404,0.799753557,,0,0,5.901577e-07,0,Stable,Stable
19.70051467,20.68715116,20.51026081,35.02362565,0.030141765,,0,0,3.969722e-06,0,Stable,Stable
12.09741427,31.87594272,30.25420584,18.17911381,0.058438347,,0,0,2.857052e-07,0,Stable,Stable
14.60521995,29.46769772,12.80863995,16.90525335,0.866403517,,0,0,4.271482e-06,0,Stable,Stable
29.76936746,42.81816565,23.11113229,12.94651897,0.449673946,,0,0,8.7401254e-08,0,Stable,Stable
34.35436407,40.47440795,34.33345539,8.961324776,0.641568742,,0,0,2.1066482e-07,0,Stable,Stable
16.93958315,37.30465721,30.4786636,15.33438712,0.328910724,,0,0,6.874966e-08,0,Stable,Stable
44.43931737,34.773724,32.00948986,25.34329165,0.836679576,,0,0,2.8222533e-07,0,Stable,Stable
25.21087547,41.30521963,43.05944663,37.80301845,0.966192121,,0,0,8.9258365e-06,0,Stable,Stable
44.35594145,44.57006349,41.21503644,26.20731553,0.066480539,,0,0,5.3299484e-08,0,Stable,Stable
27.5391479,33.88007722,40.61749546,46.34554967,0.529496933,,0,0,6.817652e-07,0,Stable,Stable
45.01871257,20.72977101,58.46851455,7.37108715,0.160659838,,0,0,9.1257425e-05,0,Stable,Stable
16.49427265,37.53424654,15.31833703,19.67887035,0.636764686,,0,0,7.199929e-08,0,Stable,Stable
33.89061131,34.46081095,38.70930636,39.29811927,0.698069019,,0,0,1.7760577e-07,0,Stable,Stable
19.23449257,38.82708649,13.07121223,7.288539068,0.278320137,,0,0,5.619023e-08,0,Stable,Stable
21.69155413,26.14578171,46.77531761,48.98273094,0.159497533,,0,0,9.387096e-06,0,Stable,Stable
21.57396719,35.01365598,41.13196764,11.0467592,0.199579254,154.8688514,0,0,7.768529e-08,0,Stable,Stable
14.97170437,34.87524444,58.5121726,26.48363809,0.133730245,,0,0,8.616062e-06,0,Stable,Stable
14.55667949,38.22175733,34.1444021,25.96573319,0.883896029,,0,0,2.0532227e-06,0,Stable,Stable
45.61040926,33.56125398,26.77491591,42.92464267,0.602523178,,0,0,1.7353622e-07,0,Stable,Stable
23.42618338,39.40918654,28.91096084,9.118849644,0.979276548,157.4453208,0,0,9.056994e-06,0,Stable,Stable
26.0393118,29.69680668,15.26517165,9.808919674,0.447447141,,0,0,1.0156878e-07,0,Stable,Stable
35.52920002,42.21127162,27.54283217,39.64917348,0.561309914,,0,0,8.2094445e-08,0,Stable,Stable
14.63523095,28.91840672,25.37712643,10.78609051,0.517245193,,0,0,4.09488e-07,0,Stable,Stable
28.65339626,25.42085544,18.42333026,43.09821985,0.31338308,,0,0,7.8507816e-07,0,Stable,Stable
20.8919481,41.76489084,25.96912433,13.5458378,0.469463402,,0,0,8.8391545e-08,0,Stable,Stable
39.2651412,28.19798878,46.99170627,37.862986,0.128977609,,0,0,8.3389534e-07,0,Stable,Stable
9.320495545,34.42264759,49.77500958,12.8090931,0.290173253,,0,0,0.00027516577,0,Stable,Stable
13.22126657,29.90701296,44.26803064,48.24969795,0.57389619,,0,0,6.608548e-05,0,Stable,Stable
27.32134524,43.6758947,54.44259289,9.867343113,0.915805614,,0,0,8.108903e-05,0,Stable,Stable
15.14309516,44.80158224,46.78309413,39.72840632,0.068197477,,0,0,4.361497e-07,0,Stable,Stable
22.23795542,33.80464348,14.17618525,22.95997706,0.35141,,0,0,4.1830454e-08,0,Stable,Stable
24.61278375,42.68705017,19.25048713,12.95559073,0.65973014,,0,0,1.516329e-07,0,Stable,Stable
33.07381437,22.53270917,19.53924318,21.17409932,0.346888033,,0,0,1.0906289e-06,0,Stable,Stable
32.39099422,36.86259447,21.64849602,5.252776205,0.84643937,,0,0,4.6690312e-07,0,Stable,Stable
19.96954699,27.99443223,45.94086735,46.59070246,0.627727536,83.68896528,0,0,6.2738713e-06,0,Stable,Stable
7.366616206,23.0313178,47.06308998,16.53130216,0.057764819,,1,1,0.99883133,0,Failure Risk,Failure Risk
27.27916025,28.40565483,38.00012703,17.16966168,0.781093785,,0,0,1.8335387e-06,0,Stable,Stable
42.58067735,37.7226152,36.2960913,18.52747623,0.661983692,,0,0,1.2758778e-07,0,Stable,Stable
40.82167197,21.69087191,51.58441769,47.10532079,0.064625023,,0,0,2.9293655e-05,0,Stable,Stable
6.497849717,35.23409279,22.7514101,6.181001915,0.602101354,,1,1,0.63634974,0,Failure Risk,Failure Risk
25.24818094,38.22756447,20.2029421,11.66286295,0.028241655,,0,0,5.9479145e-08,0,Stable,Stable
41.25811198,30.14276472,23.80160514,12.4531584,0.296208398,,0,0,1.06575214e-07,0,Stable,Stable
24.18997126,42.38403857,11.96876847,11.69529502,0.433079107,131.5073323,0,0,7.310578e-08,0,Stable,Stable
34.55252179,39.88445778,51.17290382,16.35350364,0.868209998,,0,0,9.177108e-06,0,Stable,Stable
5.629177084,41.19876437,22.31925639,34.67800726,0.172651475,134.9538278,0,0,0.00084416283,0,Stable,Stable
29.11711969,35.99429303,52.84655914,6.714477366,0.441481403,,0,0,3.9501157e-07,0,Stable,Stable
42.73172108,36.12238526,49.88259211,20.47135842,0.488556517,,0,0,1.7833237e-07,0,Stable,Stable
25.20299469,34.15954502,57.64683496,7.254924757,0.267465546,,0,0,2.9373468e-06,0,Stable,Stable
43.6231101,37.08952083,49.141351,30.67076563,0.187828159,120.9315325,0,0,1.1040464e-07,0,Stable,Stable
18.73689357,39.511701,10.73155898,16.32979553,0.661976673,,0,0,1.4080572e-07,0,Stable,Stable
49.6218999,23.4449943,35.49959139,36.34294882,0.402016336,,0,0,5.2467426e-06,0,Stable,Stable
28.0446735,21.99597328,11.69699149,37.64003663,0.560733642,,0,0,4.6555992e-06,0,Stable,Stable
17.28127221,27.72567032,25.57881336,36.35277325,0.362647617,,0,0,2.3249301e-07,0,Stable,Stable
48.54411917,28.43294565,45.23699954,20.70644311,0.023434898,,0,0,3.642656e-07,0,Stable,Stable
6.385395599,27.68020967,46.30883128,34.99623857,0.490823537,,1,1,0.9999981,0,Failure Risk,Failure Risk
25.01731659,21.66651908,33.99159748,11.09905291,0.144590205,,0,0,2.9955434e-06,0,Stable,Stable
5.603216641,29.90826634,21.63351052,19.57625863,0.263191831,,1,1,0.9969405,0,Failure Risk,Failure Risk
42.32414319,44.01406754,37.93185277,23.43853488,0.997184803,,0,0,4.0039677e-06,0,Stable,Stable
9.752767037,24.88645011,24.24463571,37.84062824,0.029541598,,0,0,0.0012015909,0,Stable,Stable
24.92917277,43.60377273,54.51115567,7.656375958,0.765560263,,0,0,1.9496783e-05,0,Stable,Stable
15.11375172,26.51088084,23.16379128,14.60241107,0.441979652,116.4806574,0,0,7.4733794e-07,0,Stable,Stable
6.822530892,44.93869404,30.24655472,29.39571718,0.573142934,,0,0,0.00014377963,0,Stable,Stable
9.180487152,35.42635487,40.06039828,32.6244659,0.370615973,,0,0,1.0528137e-05,0,Stable,Stable
29.35855923,31.61859461,42.71723746,34.17758855,0.933406843,,0,0,5.38604e-06,0,Stable,Stable
20.69879435,39.3676717,44.22078179,12.43130619,0.145977096,,0,0,9.0108784e-08,0,Stable,Stable
47.25865872,39.10608789,28.90827898,46.17086768,0.934154026,,0,0,3.019677e-06,0,Stable,Stable
11.66799786,43.80987935,57.99829069,8.280832538,0.361524077,,0,0,3.326009e-05,0,Stable,Stable
20.5341814,35.27523121,39.74127707,47.53433132,0.802454595,,0,0,1.0745828e-06,0,Stable,Stable
38.29690632,23.27454759,20.50043356,20.03276706,0.549960775,,0,0,1.5428451e-06,0,Stable,Stable
35.55063594,39.25305519,33.13541481,31.42912165,0.409199864,228.2771521,0,0,3.7646995e-08,0,Stable,Stable
42.69032306,38.4430184,16.19889972,14.04224241,0.756920363,,0,0,2.513192e-07,0,Stable,Stable
26.17253236,36.73702512,49.84464824,31.42022965,0.556559803,224.3927538,0,0,3.1650964e-07,0,Stable,Stable
48.88847924,44.96042409,12.59352154,41.85132892,0.53997023,,0,0,5.9170574e-08,0,Stable,Stable
43.75622233,26.96820108,31.64029373,47.60680632,0.44043705,,0,0,2.025858e-06,0,Stable,Stable
19.89519512,38.96307978,19.04724771,17.18217933,0.586915657,,0,0,9.294876e-08,0,Stable,Stable
46.46153312,26.4434431,46.93872965,16.37027408,0.68045449,,0,0,1.5885016e-05,0,Stable,Stable
32.47277783,40.160009,17.70023527,47.35112193,0.926736527,,0,0,2.9719515e-06,0,Stable,Stable
21.76101265,35.83134304,37.58820093,40.82445803,0.524096374,,0,0,9.78422e-08,0,Stable,Stable
42.87538442,34.59734284,42.32813768,11.75575787,0.598382972,,0,0,2.729496e-07,0,Stable,Stable
29.58255972,22.82531563,14.91772528,19.15281527,0.296221725,,0,0,9.11299e-07,0,Stable,Stable
16.53882663,22.88281305,22.18880888,29.39800901,0.204856434,,0,0,1.0262173e-06,0,Stable,Stable
19.96014732,27.5678515,46.83664729,35.04392705,0.893358826,,0,0,7.481069e-05,0,Stable,Stable
13.6504402,32.28848111,18.14497641,42.19509704,0.625494738,,0,0,2.5783933e-07,0,Stable,Stable
13.69561962,28.72734329,25.56066859,17.92500653,0.559031997,,0,0,4.6478974e-07,0,Stable,Stable
16.36787573,37.27041123,13.74349807,19.38642685,0.973837815,,0,0,5.9029053e-06,0,Stable,Stable
44.22365467,27.43494433,56.33477082,37.06958693,0.46480712,,0,0,4.5497465e-05,0,Stable,Stable
38.90523696,28.46871989,36.95922938,5.601319314,0.947081048,,0,0,3.090403e-05,0,Stable,Stable
7.370299932,29.06834546,13.52735022,41.13958419,0.784347395,,1,1,0.85688484,0,Failure Risk,Failure Risk
48.04970398,20.11638954,24.41762843,25.31628855,0.167562774,,0,0,6.2153845e-06,0,Stable,Stable
48.97587043,41.36338001,11.76174547,22.94851669,0.434163392,,0,0,3.712283e-08,0,Stable,Stable
38.55835114,43.10143288,12.8987223,19.25799019,0.51602518,,0,0,4.516373e-08,0,Stable,Stable
5.251737015,27.29362921,30.91024708,48.23389251,0.291698895,,1,1,0.9999589,0,Failure Risk,Failure Risk
32.95063846,44.14712532,44.07890913,43.68927213,0.717609745,,0,0,4.2438205e-07,0,Stable,Stable
43.59144541,30.67890103,25.91370127,31.67320128,0.352965644,,0,0,7.6449545e-08,0,Stable,Stable
38.93908396,43.79436651,57.91851164,23.18484687,0.796976571,,0,0,2.9869494e-05,0,Stable,Stable
44.21108036,36.94627961,21.33233869,42.41976594,0.943539432,,0,0,1.4432532e-06,0,Stable,Stable
5.704129307,22.83036692,53.94823604,18.04706657,0.811248376,,1,1,0.9999994,0,Failure Risk,Failure Risk
40.96521978,25.76417206,35.45033258,15.27108345,0.010686139,,0,0,4.7984247e-07,0,Stable,Stable
11.16805741,42.91163266,50.36227915,30.06325446,0.390389185,,0,0,8.3963295e-07,0,Stable,Stable
27.18658047,37.3827027,48.29958198,10.74799769,0.349587561,142.942404,0,0,1.670165e-07,0,Stable,Stable
17.42338112,24.35503772,52.76068131,32.44365772,0.453429701,,0,0,2.419212e-05,0,Stable,Stable
10.71753194,37.68882078,59.29222251,40.66794222,0.237361796,,0,0,0.00030257736,0,Stable,Stable
13.6264672,32.80557644,32.24759655,10.13509693,0.455906771,,0,0,2.9814538e-07,0,Stable,Stable
30.47859893,31.6218111,19.91818031,23.16468721,0.579298137,,0,0,8.440013e-08,0,Stable,Stable
15.84633796,29.83292028,32.91210911,29.23181366,0.895415693,,0,0,3.519141e-06,0,Stable,Stable
47.38572378,32.1263167,36.28080685,11.47767342,0.334583422,,0,0,9.540049e-08,0,Stable,Stable
12.51950395,40.36516711,28.62692874,22.88825047,0.108751766,,0,0,8.05911e-08,0,Stable,Stable
23.09677143,38.11437644,23.69318598,15.98788382,0.395116017,,0,0,6.584985e-08,0,Stable,Stable
44.22275808,34.64400896,44.92805126,17.64379985,0.513339662,,0,0,1.7525677e-07,0,Stable,Stable
7.582481357,28.38119752,23.46114077,27.51249259,0.403516988,,1,0,0.09142616,1,Failure Risk,Stable
15.95543054,22.38938434,17.09013006,45.25853256,0.141259415,,0,0,7.7075165e-06,0,Stable,Stable
7.13074898,38.22015498,21.61600301,38.15759568,0.650159851,,0,0,0.0061952323,0,Stable,Stable
47.765096,31.98590223,42.02063864,29.14542753,0.857914531,,0,0,1.0754696e-06,0,Stable,Stable
46.58665771,39.07974677,49.63684971,42.2813948,0.900561435,,0,0,4.5888223e-06,0,Stable,Stable
31.09247336,37.08970028,15.57345931,27.73547823,0.905221747,,0,0,9.4375724e-07,0,Stable,Stable
6.30674522,43.63626375,30.02267566,34.88820437,0.74337509,,0,0,0.0054111583,0,Stable,Stable
25.91528927,30.96778872,36.29684375,14.14821039,0.224284345,177.6997132,0,0,9.641371e-08,0,Stable,Stable
29.61626659,37.33024445,50.55214709,26.06809173,0.866575193,,0,0,4.8708657e-06,0,Stable,Stable
42.22746297,28.2334353,48.53142977,46.8154848,0.395038869,,0,0,4.3030955e-06,0,Stable,Stable
5.728310102,29.31441691,47.37492424,46.17103001,0.403377896,,1,1,0.9999944,0,Failure Risk,Failure Risk
21.47060263,38.33815977,51.14965156,30.1693104,0.85506823,,0,0,6.848065e-06,0,Stable,Stable
20.69900248,22.76738989,22.40625145,29.99694987,0.693679528,,0,0,5.523934e-06,0,Stable,Stable
11.14030032,20.33649882,54.66345577,10.76177078,0.192862583,,1,1,0.957087,0,Failure Risk,Failure Risk
27.53134825,28.04699127,45.84753727,25.18767719,0.273116541,,0,0,4.2936242e-07,0,Stable,Stable
19.5266524,41.19906478,18.44410433,9.659307287,0.772044236,,0,0,2.729077e-07,0,Stable,Stable
35.73724541,39.54569282,37.80538365,26.99030708,0.730398437,,0,0,2.0465961e-07,0,Stable,Stable
27.2600727,38.72596638,44.02547836,34.74698675,0.995925419,,0,0,1.22215815e-05,0,Stable,Stable
10.49384397,21.36909444,38.54664378,17.5643977,0.348072475,,1,1,0.76218057,0,Failure Risk,Failure Risk
31.8384512,31.25746566,21.70628205,34.5670276,0.402418375,,0,0,4.526014e-08,0,Stable,Stable
24.97752321,44.2823728,54.04383182,42.35975973,0.064792639,142.6563891,0,0,2.6735165e-06,0,Stable,Stable
24.15927267,25.49378161,20.76139429,39.61112543,0.888376943,,0,0,8.389827e-06,0,Stable,Stable
35.32270825,31.75849037,11.87281337,33.6863866,0.939254854,,0,0,1.6785112e-06,0,Stable,Stable
40.09621006,29.19846529,19.2652898,11.44682926,0.115242287,,0,0,1.1494464e-07,0,Stable,Stable
43.47126314,32.14971236,11.2753799,26.5132357,0.941601939,,0,0,2.0624207e-06,0,Stable,Stable
8.540764562,41.75282603,44.12023553,22.86871735,0.567603749,,0,0,0.0012471053,0,Stable,Stable
29.71630721,32.79487292,30.82965548,49.75078315,0.358434356,,0,0,6.778475e-07,0,Stable,Stable
5.9971791,32.36080502,46.67837613,5.635338507,0.447549153,,1,1,0.9999832,0,Failure Risk,Failure Risk
44.91202684,40.05608045,32.97967614,29.21919505,0.07648141,,0,0,3.7177465e-08,0,Stable,Stable
15.69295479,30.11988515,50.72835327,34.44644145,0.668202981,,0,0,3.7461803e-06,0,Stable,Stable
43.12208557,30.71481518,51.60329877,41.77780023,0.365783742,,0,0,1.0433724e-06,0,Stable,Stable
32.67203801,30.42267413,29.47174832,12.05717438,0.592699555,,0,0,3.72395e-07,0,Stable,Stable
13.5804176,23.21500891,45.19675377,16.91135973,0.882790819,,1,0,0.020464497,1,Failure Risk,Stable
45.03184084,41.33975642,49.77874525,19.36124339,0.678237051,,0,0,6.7676365e-07,0,Stable,Stable
38.42675108,22.31149915,49.69167829,42.9102757,0.778187279,,0,0,0.00020875147,0,Stable,Stable
5.346401133,30.66506951,38.4885252,20.68648183,0.884793435,,1,1,0.99999845,0,Failure Risk,Failure Risk
19.30726984,27.7590844,53.16785648,39.19315248,0.250214395,,0,0,2.8316376e-06,0,Stable,Stable
34.56019556,33.49411218,29.56995445,33.31281863,0.183872006,,0,0,3.9917865e-08,0,Stable,Stable
29.13573326,28.72469317,10.42398605,9.393526483,0.828013714,,0,0,1.078872e-06,0,Stable,Stable
10.83426802,37.44369999,57.66929176,46.49368913,0.200244715,,0,0,0.00092231337,0,Stable,Stable
33.01174936,37.22282544,24.65159148,41.5784048,0.150150298,,0,0,7.640114e-08,0,Stable,Stable
21.14427054,36.04278706,48.52069934,6.408626871,0.716288286,,0,0,1.0267117e-06,0,Stable,Stable
21.98739691,29.46128281,23.22525449,46.13138479,0.769890774,,0,0,2.0131642e-06,0,Stable,Stable
39.98179081,25.71547741,30.09015302,47.40469705,0.662193124,,0,0,4.2543384e-06,0,Stable,Stable
23.70666102,38.14661777,35.54744066,29.78294656,0.324322776,,0,0,3.575683e-08,0,Stable,Stable
37.48339222,36.61648534,37.93392383,33.08356796,0.610011742,,0,0,9.9013285e-08,0,Stable,Stable
21.12810074,21.85424872,14.43965537,13.23813742,0.006250329,,0,0,1.5477453e-06,0,Stable,Stable
7.616020596,44.82520091,14.43187849,44.62679718,0.163309642,,0,0,6.748076e-07,0,Stable,Stable
9.433178306,24.74509897,48.85070065,26.10001825,0.534934137,,1,1,0.99993455,0,Failure Risk,Failure Risk
7.388275198,20.39992868,20.68772282,29.77189116,0.008169003,,1,1,0.9142616,0,Failure Risk,Failure Risk
17.77307668,35.33425424,57.55007908,15.56932022,0.952833933,,0,0,0.00018236382,0,Stable,Stable
29.68425464,38.92250339,43.48445965,43.29067244,0.200477271,,0,0,1.7893544e-07,0,Stable,Stable
14.54585319,37.56467641,26.65901215,34.93579771,0.810081196,,0,0,3.810305e-07,0,Stable,Stable
29.87788082,35.20155713,45.53336533,17.30406411,0.155616376,128.8257631,0,0,1.1345068e-07,0,Stable,Stable
5.483254181,34.95137569,42.13932106,8.139468233,0.857093506,,1,1,0.99999356,0,Failure Risk,Failure Risk
48.82732626,39.4522556,31.40155653,6.20647059,0.8504519,,0,0,9.351322e-07,0,Stable,Stable
24.06605804,36.89636844,17.23837514,18.11728908,0.426277708,,0,0,4.0887567e-08,0,Stable,Stable
20.40717947,22.45663015,14.70220898,28.05742558,0.415965757,,0,0,1.0128185e-06,0,Stable,Stable
10.84797068,23.83592573,50.05477882,42.31267098,0.037832451,,0,0,0.0739506,0,Stable,Stable
13.85088954,28.09032419,13.34615313,40.71705127,0.982027412,,0,0,7.1388786e-05,0,Stable,Stable
21.15994743,26.05361749,25.49304433,19.66221385,0.445268518,,0,0,5.5614515e-07,0,Stable,Stable
49.64173132,24.40352835,46.60840854,47.7169572,0.04852523,,0,0,1.1997618e-05,0,Stable,Stable
24.31448508,26.58077513,49.05576288,32.00342084,0.598991383,,0,0,4.366626e-06,0,Stable,Stable
10.60245042,32.02168647,38.20702934,42.36394737,0.478140109,,0,0,0.00017032995,0,Stable,Stable
8.638106074,35.72643996,24.93942693,32.90693508,0.267735655,,0,0,1.2673661e-06,0,Stable,Stable
15.76295577,29.66731345,59.7102106,33.09214105,0.851420037,,0,0,0.001189829,0,Stable,Stable
30.36464148,43.92496683,19.21327183,31.2234822,0.611858955,,0,0,6.27789e-08,0,Stable,Stable
47.00627564,30.39103917,44.75786236,32.33366601,0.388352936,,0,0,1.5432204e-07,0,Stable,Stable
11.93702223,29.19443983,42.4419662,43.56016697,0.872135217,,0,0,0.042957544,0,Stable,Stable
22.73510226,38.79040656,24.87313887,29.31436132,4.69e-05,,0,0,3.8554543e-08,0,Stable,Stable
23.71624398,20.45874691,54.93985971,18.74452063,0.540783226,,0,0,0.00031788132,0,Stable,Stable
34.41213286,20.72719046,35.60066229,44.91615686,0.053915339,112.2100277,0,0,2.6194362e-05,0,Stable,Stable
16.40973992,32.30334981,26.99864515,36.24957982,0.563846117,,0,0,8.68913e-08,0,Stable,Stable
14.89896863,34.11565328,19.17955352,25.9280978,0.397498545,,0,0,6.254333e-08,0,Stable,Stable
14.27657721,39.55115757,22.64665894,12.09882375,0.531101282,,0,0,1.6999596e-07,0,Stable,Stable
38.56019711,40.94184547,30.94881257,43.35980431,0.982385485,,0,0,2.3988714e-06,0,Stable,Stable
13.11305588,34.01495177,54.99744371,20.39704492,0.784023783,,0,0,0.0013693932,0,Stable,Stable
25.43248952,28.04426426,18.40365737,42.92339397,0.849940671,,0,0,1.4197806e-06,0,Stable,Stable
9.407226442,30.93037423,30.69221009,19.09225426,0.977456877,,1,1,0.99959916,0,Failure Risk,Failure Risk
22.78170988,32.24298135,39.89548377,28.45589949,0.124496571,,0,0,5.8684922e-08,0,Stable,Stable
25.13209202,37.23993226,16.96101117,7.683520208,0.30338497,,0,0,5.5477898e-08,0,Stable,Stable
46.6080268,32.32197949,26.23084709,48.2014605,0.404051298,196.0040771,0,0,5.759987e-07,0,Stable,Stable
44.27583463,36.38137077,53.18423289,43.4189223,0.949538641,,0,0,2.6880252e-05,0,Stable,Stable
32.27797876,39.35728226,32.90177772,16.66310219,0.183202461,,0,0,5.3830643e-08,0,Stable,Stable
39.38992177,28.44730361,38.30737957,6.327718664,0.668764704,,0,0,8.443344e-07,0,Stable,Stable
37.83976868,36.55788811,17.48014296,46.52466163,0.24027536,,0,0,2.1263745e-07,0,Stable,Stable
36.8055727,25.70187349,52.49696554,25.76575081,0.070395599,108.0289896,0,0,3.010407e-06,0,Stable,Stable
36.95102292,35.39124746,38.32971351,31.353431,0.435810255,,0,0,5.2130282e-08,0,Stable,Stable
18.14063452,30.85670403,12.34796517,40.50808088,0.304638522,,0,0,7.84496e-08,0,Stable,Stable
8.596179921,35.5779872,39.38835976,36.77662066,0.786704819,,1,1,0.8213182,0,Failure Risk,Failure Risk
49.63986541,26.64238266,24.71803439,9.36939657,0.686691629,,0,0,6.720947e-07,0,Stable,Stable
14.5161644,21.84360413,27.07355662,18.49385524,0.978784066,,0,0,0.0129001895,0,Stable,Stable
25.85757048,31.87905961,37.31891633,49.37374902,0.104596227,,0,0,6.4334677e-07,0,Stable,Stable
9.04360631,31.64596597,31.20346484,49.66062925,0.303234631,,0,0,0.017724723,0,Stable,Stable
8.775614382,30.3335566,26.16987882,34.39192528,0.699942915,,1,0,0.3718123,1,Failure Risk,Stable
25.6747436,37.55878652,26.19962502,18.0315583,0.93381726,,0,0,2.6188648e-06,0,Stable,Stable
31.82732591,43.69734557,53.21748135,37.89592334,0.766980868,,0,0,1.8721427e-06,0,Stable,Stable
17.80432746,24.907695,53.33593641,40.18517188,0.565992265,,0,0,4.0223556e-05,0,Stable,Stable
46.95205275,35.88531458,18.32504302,29.60382923,0.371288813,,0,0,2.939886e-08,0,Stable,Stable
16.9021793,33.43720382,14.94247646,10.97773956,0.954665539,,0,0,9.406936e-06,0,Stable,Stable
46.34256872,31.16612673,34.82629773,41.82745908,0.618309269,,0,0,3.7693815e-07,0,Stable,Stable
29.5711067,38.45365711,16.47665895,44.52251711,0.126173016,,0,0,7.335118e-08,0,Stable,Stable
16.02936129,26.28078455,27.77053319,27.8349946,0.135823677,,0,0,3.231637e-07,0,Stable,Stable
36.54419027,21.85789785,10.88693705,49.17421406,0.353801535,,0,0,1.2425258e-05,0,Stable,Stable
39.73124608,23.77750398,40.3314924,46.48155828,0.681914067,223.8248139,0,0,7.301966e-05,0,Stable,Stable
30.96848492,21.21243422,45.30961741,46.78887935,0.863564532,,0,0,0.00028934865,0,Stable,Stable
12.96819149,31.96396788,46.26322119,21.27052193,0.740441586,,0,0,0.0010921296,0,Stable,Stable
36.31525932,24.97051727,32.4626365,17.82068425,0.108905725,,0,0,1.0659661e-06,0,Stable,Stable
37.36721233,35.77858223,12.49493187,36.44391033,0.266922821,,0,0,2.5979809e-08,0,Stable,Stable
17.24984604,31.87297468,48.16349178,16.45632206,0.91498326,,0,0,4.4808574e-05,0,Stable,Stable
11.75691399,41.96112282,20.60155302,28.08811187,0.810462856,,0,0,4.887981e-07,0,Stable,Stable
32.07515098,28.93909697,53.27816964,20.75628893,0.721170425,,0,0,1.805411e-05,0,Stable,Stable
44.68830925,40.58091098,16.40282488,7.131086613,0.568250445,,0,0,8.75895e-08,0,Stable,Stable
41.33169229,23.82489467,17.13538346,25.85866591,0.082430277,147.8693579,0,0,6.9283044e-07,0,Stable,Stable
20.16424051,40.01000053,51.38316712,13.28326968,0.849849951,,0,0,9.4983e-06,0,Stable,Stable
14.86976828,21.28788065,29.50388233,37.0063577,0.535850678,,0,0,0.00012397887,0,Stable,Stable
9.105907735,38.92199381,36.52085958,33.97692569,0.650913609,,0,0,1.3062296e-05,0,Stable,Stable
35.17984922,27.39035901,18.93543664,17.31752164,0.788749167,,0,0,9.493775e-07,0,Stable,Stable
11.34611549,25.40100561,52.25086255,32.98908315,0.449921743,,1,1,0.90857846,0,Failure Risk,Failure Risk
6.857138632,35.76593222,38.06775142,9.777374491,0.930101288,,1,1,0.9994906,0,Failure Risk,Failure Risk
42.2230418,40.71216453,27.72758364,48.27836975,0.896634628,,0,0,1.6747808e-06,0,Stable,Stable
26.05053967,28.55790502,53.35723143,21.86522214,0.945422248,,0,0,0.0003042528,0,Stable,Stable
20.54508736,31.30862132,14.89498187,11.57253863,0.714143751,,0,0,2.9377145e-07,0,Stable,Stable
42.78050179,27.2819123,51.81341991,36.88781766,0.273704912,,0,0,1.7357561e-06,0,Stable,Stable
22.20151616,34.87741093,49.15797812,10.76427739,0.835086456,,0,0,4.507433e-06,0,Stable,Stable
36.36465492,44.30829196,14.49314006,10.27451977,0.389530019,,0,0,6.456018e-08,0,Stable,Stable
29.5769566,37.74749494,46.41167619,27.31441167,0.505387449,,0,0,1.5659029e-07,0,Stable,Stable
48.04702555,25.00026474,27.84008651,29.94430835,0.769508586,,0,0,4.5527995e-06,0,Stable,Stable
30.41682413,24.20267153,16.19662563,23.94319258,0.220912455,142.3436158,0,0,3.385073e-07,0,Stable,Stable
30.28090337,25.77133882,21.10995153,44.2762787,0.866682964,,0,0,5.5266105e-06,0,Stable,Stable
49.96847642,42.00911024,43.35039451,26.46461941,0.981655083,,0,0,1.0519968e-05,0,Stable,Stable
35.2100314,21.54999846,39.71235745,12.0287162,0.067748646,,0,0,4.0378814e-06,0,Stable,Stable
23.27056413,37.32719397,49.84360569,12.38347956,0.649426851,,0,0,1.2750947e-06,0,Stable,Stable
43.28511722,27.32449301,26.72544629,46.18826602,0.392587556,,0,0,1.6938293e-06,0,Stable,Stable
21.88293792,31.75299415,13.51004073,35.71698144,0.761455331,,0,0,1.7201212e-07,0,Stable,Stable
15.0753755,37.53197515,45.51664956,17.40216192,0.937414907,,0,0,6.6846245e-05,0,Stable,Stable
6.125185078,39.82531812,21.20760331,20.57399257,0.736387281,,0,0,0.36000693,0,Stable,Stable
42.12261183,33.52934575,19.89917947,26.59074838,0.665539799,,0,0,9.5340816e-08,0,Stable,Stable
32.27402033,35.12196202,25.23159111,44.14586205,0.341054786,,0,0,9.669677e-08,0,Stable,Stable
14.07670508,22.37506905,56.97312847,28.37256062,0.607704607,,1,0,0.48114952,1,Failure Risk,Stable
5.572727676,37.76837947,50.1878528,28.96990643,0.333350921,,1,1,0.99004924,0,Failure Risk,Failure Risk
12.78362861,33.0590987,23.3484696,27.38902009,0.749522369,,0,0,8.0859456e-07,0,Stable,Stable
49.91890457,27.5992569,46.19429201,46.4543872,0.402296099,,0,0,4.278886e-06,0,Stable,Stable
15.05744395,23.84360071,52.69096359,40.63759136,0.973152926,,1,0,0.19634318,1,Failure Risk,Stable
30.8729072,28.36233335,50.52437625,23.95270648,0.640763633,,0,0,4.629826e-06,0,Stable,Stable
20.87458096,20.47597419,15.04634875,32.79370177,0.16394335,,0,0,5.1664633e-06,0,Stable,Stable
13.40124339,30.09351991,20.440308,46.72493572,0.084505579,,0,0,5.659169e-07,0,Stable,Stable
42.55043967,24.39854081,30.58123922,17.16667365,0.716948582,,0,0,4.3983523e-06,0,Stable,Stable
39.7091135,44.58046412,57.96520622,41.9719561,0.673862206,,0,0,1.2321783e-05,0,Stable,Stable
13.32038279,24.53662133,25.41305595,22.47725265,0.381594292,,0,0,4.225484e-06,0,Stable,Stable
11.30176541,43.47227499,20.50370975,14.48600223,0.885850181,,0,0,4.755674e-06,0,Stable,Stable
23.88446352,38.05695248,16.69621756,12.7703689,0.858260247,,0,0,6.5622646e-07,0,Stable,Stable
49.56790082,23.70510332,13.03776365,43.66061277,0.992273961,,0,0,5.5055298e-05,0,Stable,Stable
5.059394104,22.56963946,22.36433406,21.53932382,0.855331853,,1,1,0.9999902,0,Failure Risk,Failure Risk
40.76736177,24.56528531,42.37241112,11.73092448,0.382534375,,0,0,2.8058905e-06,0,Stable,Stable
47.95778172,30.26104726,42.90647357,49.62240578,0.169323693,,0,0,1.1633467e-06,0,Stable,Stable
34.04902959,28.19846648,59.09600898,15.44243389,0.791091796,,0,0,0.00049803266,0,Stable,Stable
21.75802997,36.18987794,10.60418728,6.283453874,0.928449629,,0,0,3.408794e-06,0,Stable,Stable
6.039808375,22.52812098,28.57746944,18.22876778,0.276212577,,1,1,0.9999398,0,Failure Risk,Failure Risk
22.67424135,24.83573979,45.10116941,49.06164499,0.195154132,,0,0,1.3712495e-05,0,Stable,Stable
25.50211419,26.28664926,34.47633433,39.09961257,0.09510634,,0,0,7.8939206e-07,0,Stable,Stable
8.784954469,41.86099964,11.83146112,7.092547877,0.136247417,,0,0,1.4191603e-07,0,Stable,Stable
5.077616995,27.17311284,20.85082042,36.00657964,0.497344035,,1,1,0.9997987,0,Failure Risk,Failure Risk
18.35600923,20.32563201,46.32257217,5.444191942,0.906856236,151.454727,0,0,0.0010339189,0,Stable,Stable
45.51823934,33.20267815,31.24168033,38.2879133,0.59703649,,0,0,1.7677642e-07,0,Stable,Stable
46.04611559,29.69781576,14.62649138,22.6035392,0.596162111,,0,0,1.2797175e-07,0,Stable,Stable
5.670961887,35.03732382,11.03443414,47.99580746,0.866283403,,1,1,0.9500981,0,Failure Risk,Failure Risk
34.61416524,39.50583418,50.11316664,44.23883287,0.172041498,,0,0,4.5053775e-07,0,Stable,Stable
37.03566841,27.52565218,11.59992593,33.58675871,0.348383743,,0,0,9.8048815e-08,0,Stable,Stable
38.53182441,40.68412178,58.35167543,7.279407736,0.05457055,,0,0,2.463246e-06,0,Stable,Stable
32.46385017,40.14996136,56.99991588,35.45927,0.49082453,,0,0,3.8489743e-06,0,Stable,Stable
24.78476896,23.69584486,48.97260609,49.60877367,0.007709226,,0,0,2.2096569e-05,0,Stable,Stable
22.40111726,23.21946889,28.41041704,5.14793494,0.206104535,,0,0,1.4395143e-06,0,Stable,Stable
13.63493974,24.4542154,42.03353841,9.889159688,0.668096182,,0,0,0.00020771548,0,Stable,Stable
43.72720207,42.17469395,17.6496888,37.56818502,0.719878059,,0,0,1.08002126e-07,0,Stable,Stable
17.46057604,24.58927757,22.86935318,40.39027305,0.354202979,,0,0,9.427911e-07,0,Stable,Stable
37.80560396,28.42604221,58.16391585,16.0707883,0.380903849,,0,0,1.3268196e-05,0,Stable,Stable
23.66738024,44.13898046,30.36298791,36.30166119,0.564905181,,0,0,6.80731e-08,0,Stable,Stable
31.0312963,25.91930654,18.51039194,11.73310161,0.475485115,,0,0,5.0774736e-07,0,Stable,Stable
46.9356208,31.90127985,51.91399229,29.2306121,0.545354282,,0,0,1.4379885e-06,0,Stable,Stable
29.4593107,44.29975246,18.82894862,11.73130265,0.093127493,,0,0,6.5795234e-08,0,Stable,Stable
7.207410766,32.90754552,39.53017448,7.695833273,0.070605386,,0,0,0.015664289,0,Stable,Stable
13.40358281,38.13539077,27.29346459,25.66663079,0.164941381,,0,0,6.0831844e-08,0,Stable,Stable
25.28097299,26.92857104,37.7056691,18.12376949,0.938924225,,0,0,1.3214416e-05,0,Stable,Stable
44.10497336,44.92842538,42.65815845,7.32750005,0.295517868,,0,0,9.837514e-08,0,Stable,Stable
43.80316383,36.7037608,52.80088284,31.81822855,0.345158413,,0,0,2.0695302e-07,0,Stable,Stable
39.2438104,33.96816357,47.3571395,39.81635494,0.255976249,,0,0,3.7992055e-07,0,Stable,Stable
46.67850146,40.66209852,30.55530611,13.53751631,0.759122434,,0,0,4.3811946e-07,0,Stable,Stable
34.09407945,24.05329863,55.65922813,42.2652965,0.684657056,237.8984993,0,0,0.0007603988,0,Stable,Stable
37.77419797,20.37008557,41.70498428,47.07642459,0.637239534,,0,0,0.0001419148,0,Stable,Stable
35.02668407,33.72373775,32.90078091,32.01299093,0.477484178,,0,0,6.792978e-08,0,Stable,Stable
12.63755479,43.06191334,14.80187146,6.600781267,0.105083744,,0,0,1.227304e-07,0,Stable,Stable
19.79803797,36.28984785,19.72243484,11.1235957,0.579425719,,0,0,9.041886e-08,0,Stable,Stable
30.59275737,33.1663904,15.85303119,9.084770522,0.085429869,,0,0,7.1312655e-08,0,Stable,Stable
31.47997224,23.04179733,19.73731431,19.15575915,0.311805088,,0,0,9.252271e-07,0,Stable,Stable
39.03493039,36.32182732,19.29101878,44.78080369,0.393119393,,0,0,2.2534597e-07,0,Stable,Stable
44.78875121,28.60408817,43.01678255,39.80720961,0.685625368,,0,0,2.8927343e-06,0,Stable,Stable
26.38162311,37.38828121,16.6426256,33.04911053,0.63123627,,0,0,5.308905e-08,0,Stable,Stable
13.41092907,31.61615003,50.74040633,28.19399773,0.746027534,,0,0,0.00010171903,0,Stable,Stable
48.15697986,42.35234434,19.01954509,23.54646766,0.242519859,172.6903424,0,0,3.31946e-08,0,Stable,Stable
11.67845555,27.20429416,13.00129747,20.0315493,0.673977408,,0,0,5.947517e-06,0,Stable,Stable
28.17420817,27.07534508,27.9637206,23.99515672,0.316706416,,0,0,1.8278998e-07,0,Stable,Stable
8.784575201,33.09649156,56.52052013,31.46998211,0.033124034,,0,0,0.0032708924,0,Stable,Stable
12.9756289,41.3907404,31.67618238,29.02937752,0.33193568,,0,0,8.8470145e-08,0,Stable,Stable
19.17751862,41.36811485,53.73758916,18.79020032,0.877822071,,0,0,8.1121125e-06,0,Stable,Stable
36.58380921,29.41790385,15.89307462,14.72452689,0.861664969,,0,0,1.9600193e-06,0,Stable,Stable
47.87620635,28.03824756,47.30462841,36.85845688,0.176347016,,0,0,7.8746643e-07,0,Stable,Stable
13.81276589,21.36565722,10.7234268,14.93231484,0.155220504,,0,0,1.5552883e-05,0,Stable,Stable
5.324897615,40.34790266,29.91849904,24.72229698,0.801272797,136.9139595,1,1,0.86946845,0,Failure Risk,Failure Risk
8.943907047,40.68084182,34.8268745,5.763565022,0.320968073,,0,0,4.829809e-07,0,Stable,Stable
46.78349338,29.04885179,39.57608839,31.77071091,0.657959773,145.3085888,0,0,4.9648423e-07,0,Stable,Stable
41.64906052,32.95699406,13.76127945,35.29554789,0.118512971,,0,0,3.094797e-08,0,Stable,Stable
26.88916258,28.76791794,19.44143683,18.18288082,0.135397851,,0,0,8.423127e-08,0,Stable,Stable
6.378088201,37.92595253,12.35932075,44.19065644,0.028740335,,0,0,5.8636033e-05,0,Stable,Stable
29.76329854,33.13965232,43.75017354,49.82580416,0.642478593,,0,0,2.1919248e-06,0,Stable,Stable
9.670186768,42.14455895,58.23930765,12.94557795,0.140659557,,0,0,8.147534e-05,0,Stable,Stable
24.26672489,41.30587041,52.31537414,30.81138629,0.207046589,,0,0,1.9074535e-07,0,Stable,Stable
36.57896475,30.74643073,40.43215044,36.11310663,0.865253061,,0,0,2.3044656e-06,0,Stable,Stable
38.97404299,30.95251722,29.31409933,5.60589828,0.986707572,,0,0,1.0408419e-05,0,Stable,Stable
6.510163174,40.2690367,22.76747793,25.7438404,0.103617743,,0,0,7.778189e-06,0,Stable,Stable
24.48842462,44.12161499,51.11416105,27.17237006,0.622680355,,0,0,9.261815e-07,0,Stable,Stable
23.44908766,25.38733613,24.60476747,47.94000973,0.818571291,,0,0,1.4156921e-05,0,Stable,Stable
18.1072635,42.69666334,41.44367351,40.78988583,0.649373478,,0,0,1.8535977e-07,0,Stable,Stable
15.78848778,26.73411944,34.55009851,9.719669448,0.399879501,,0,0,2.7902033e-07,0,Stable,Stable
36.13691389,23.58977246,22.5654362,31.35704972,0.885003993,,0,0,2.1864338e-05,0,Stable,Stable
45.92865017,43.8442685,27.30008256,8.614773688,0.190685735,,0,0,6.746417e-08,0,Stable,Stable
45.36758608,32.01711341,55.09060866,39.6412547,0.956238945,,0,0,6.224025e-05,0,Stable,Stable
46.7228677,42.40141719,54.20689816,39.64026855,0.15665841,,0,0,2.8339612e-06,0,Stable,Stable
26.01966615,32.93931045,12.20821943,20.47100395,0.187152795,,0,0,3.8743707e-08,0,Stable,Stable
42.61770999,43.24828997,38.65693782,15.63804499,0.402796072,,0,0,9.3953865e-08,0,Stable,Stable
45.57837542,33.44899079,31.04166019,36.09044993,0.370649329,,0,0,4.3776943e-08,0,Stable,Stable
30.79956709,38.85617961,25.96145334,39.4702005,0.113960472,,0,0,7.0794954e-08,0,Stable,Stable
48.45600125,41.07587912,24.08829342,6.884435732,0.92680838,,0,0,3.6723181e-06,0,Stable,Stable
26.11863484,24.34614995,57.53829481,48.02454332,0.477373485,233.8320044,0,0,0.0002311864,0,Stable,Stable
23.15852449,33.31694316,24.8686646,17.47749774,0.02065185,,0,0,8.190614e-08,0,Stable,Stable
17.18252412,22.45809168,43.52366499,27.97476365,0.554159594,,0,0,1.5096893e-05,0,Stable,Stable
44.43584509,41.41353052,28.02425541,18.36056513,0.068897361,,0,0,5.0588117e-08,0,Stable,Stable
33.60815502,25.34382768,27.33697704,26.58175004,0.01391742,,0,0,6.670247e-07,0,Stable,Stable
9.501425198,39.65545577,54.00550825,30.41280502,0.622788342,,0,0,0.005187161,0,Stable,Stable
21.9778576,25.84200711,41.31882982,39.38033264,0.108553496,,0,0,1.3987158e-06,0,Stable,Stable
25.84966726,38.73496986,46.7089408,34.71647113,0.261493066,,0,0,1.1956e-07,0,Stable,Stable
39.39796412,40.38749318,19.73297023,37.95205717,0.841127608,,0,0,1.993901e-07,0,Stable,Stable
33.38508799,25.88617064,56.89694699,27.03505954,0.760599766,229.9052327,0,0,0.0009641673,0,Stable,Stable
35.88062127,27.01684276,15.86336828,32.63232372,0.812302547,,0,0,9.369685e-07,0,Stable,Stable
49.31922048,22.81244895,14.52268335,42.9334132,0.274206132,206.8916305,0,0,1.3697457e-06,0,Stable,Stable
11.92824473,33.17795226,13.52848193,34.86636445,0.886475825,,0,0,7.290982e-06,0,Stable,Stable
47.17152351,33.80465272,44.01268366,10.05474924,0.351601327,,0,0,1.595054e-07,0,Stable,Stable
8.360574477,40.46605471,32.84458407,18.77070176,0.510570622,,0,0,3.8576873e-06,0,Stable,Stable
20.50258348,32.22014769,55.84719461,39.33501118,0.714066743,,0,0,1.796403e-05,0,Stable,Stable
8.005868477,20.07918285,18.9360518,20.33755824,0.819343377,,1,1,0.9998834,0,Failure Risk,Failure Risk
14.48095627,37.71576745,39.28231635,11.82616417,0.461652997,,0,0,2.4607073e-07,0,Stable,Stable
23.66105694,44.57816025,21.54337829,22.8591973,0.086554025,,0,0,4.549391e-08,0,Stable,Stable
37.39236403,26.48686572,26.23237099,28.60013653,0.826578768,,0,0,1.5377187e-06,0,Stable,Stable
25.71471432,41.15570808,53.39967113,48.70121204,0.782081942,,0,0,3.8899943e-06,0,Stable,Stable
33.290795,22.95747225,42.4775592,47.99396582,0.423996702,,0,0,2.8725024e-05,0,Stable,Stable
16.748006,39.35900965,18.62527786,42.75189624,0.248271816,,0,0,5.159995e-08,0,Stable,Stable
49.76391596,35.43234566,40.54270065,24.55265219,0.883332344,,0,0,8.455084e-07,0,Stable,Stable
36.38745662,35.40988812,17.9027151,13.98570776,0.899005311,,0,0,1.3608462e-06,0,Stable,Stable
24.05858415,24.48255662,45.15039089,8.128172392,0.298453033,,0,0,4.2093197e-06,0,Stable,Stable
20.83572751,23.93628334,10.13305518,38.76935796,0.430465377,,0,0,7.506923e-07,0,Stable,Stable
31.37497412,32.83485179,11.46567288,38.87757879,0.665383408,,0,0,1.19015766e-07,0,Stable,Stable
5.907262195,23.05265511,26.59994844,29.75252899,0.435107994,,1,1,0.99999106,0,Failure Risk,Failure Risk
36.59510976,40.07864815,20.14626963,12.31210212,0.927996087,,0,0,3.6856964e-06,0,Stable,Stable
20.6410957,31.96700636,36.09678339,33.5075163,0.566976829,,0,0,1.4268808e-07,0,Stable,Stable
13.38643539,31.07754756,47.34010461,24.66635042,0.182942089,,0,0,3.9401414e-07,0,Stable,Stable
33.62614387,37.10886503,52.27997671,8.681834497,0.808364279,,0,0,6.00346e-06,0,Stable,Stable
39.92683388,31.31386655,46.490247,21.03468321,0.937164009,118.4993765,0,0,4.301655e-05,0,Stable,Stable
35.72406161,23.99671638,29.9266246,11.10422859,0.265798997,,0,0,1.2427239e-06,0,Stable,Stable
38.09363115,28.91355358,24.43520244,45.72002621,0.752149409,,0,0,1.8950944e-06,0,Stable,Stable
22.28067634,30.62665825,14.17993683,34.0894827,0.451339014,,0,0,4.143714e-08,0,Stable,Stable
37.18531804,28.96209683,29.31777608,22.31467904,0.421963366,,0,0,1.1116767e-07,0,Stable,Stable
31.66188821,24.08815522,37.85521724,30.71671311,0.629813664,,0,0,1.14110435e-05,0,Stable,Stable
21.73531998,28.22788532,43.23203561,20.12697698,0.221427219,,0,0,2.1571408e-07,0,Stable,Stable
17.98998362,32.53357201,56.77280778,45.50628798,0.007613883,118.2428069,0,0,1.1125947e-05,0,Stable,Stable
19.64610449,22.78655349,55.90042974,14.63829496,0.184847964,,0,0,8.377829e-05,0,Stable,Stable
47.22898334,26.99848276,24.79450297,37.22517173,0.468018948,,0,0,3.1725668e-07,0,Stable,Stable
27.35948263,23.19022957,46.87389733,45.01487189,0.582540062,,0,0,8.488904e-05,0,Stable,Stable
21.16276928,21.87171574,24.76185547,34.14502385,0.519802366,,0,0,5.2738264e-06,0,Stable,Stable
38.05215803,35.87467725,25.64395106,14.55645795,0.142460386,,0,0,5.932348e-08,0,Stable,Stable
44.15474563,34.76715366,41.41111161,25.89390576,0.227380724,,0,0,4.553549e-08,0,Stable,Stable
8.456496244,36.18595252,12.54732202,15.99888025,0.841614803,,0,0,0.0010378773,0,Stable,Stable
5.027523582,42.65262223,59.9300032,18.90209298,0.100359753,,1,1,0.5868018,0,Failure Risk,Failure Risk
22.2579061,28.77125864,14.39722124,22.11663182,0.290053879,,0,0,8.0231594e-08,0,Stable,Stable
14.66391496,42.18712967,42.85730578,40.31545968,0.0353789,,0,0,2.2743718e-07,0,Stable,Stable
24.62221493,30.14204751,43.76337309,10.21327351,0.151418956,,0,0,1.595416e-07,0,Stable,Stable
41.63307293,36.6952143,44.29906796,40.09415711,0.245150597,,0,0,1.5524758e-07,0,Stable,Stable
38.70536244,42.53674153,38.87455605,28.71687887,0.32453422,,0,0,4.9217395e-08,0,Stable,Stable
49.00810761,44.80178876,42.63735722,32.49035574,0.802236985,,0,0,3.822002e-07,0,Stable,Stable
22.20640691,38.00800533,25.79096898,22.56240004,0.899123781,154.1330861,0,0,8.673744e-07,0,Stable,Stable
14.71398789,42.3847915,42.28611073,7.617596353,0.50507048,,0,0,2.3685386e-07,0,Stable,Stable
29.59257713,41.48733225,56.4684045,28.99353123,0.990177848,,0,0,9.283575e-05,0,Stable,Stable
33.52880338,26.39105575,53.0181713,46.29419718,0.507872969,,0,0,1.7807688e-05,0,Stable,Stable
40.53647436,24.75059481,41.30560903,44.64131117,0.272532565,,0,0,6.085481e-06,0,Stable,Stable
5.007098506,35.68191601,58.21682612,44.55213704,0.439000351,,1,1,0.99998,0,Failure Risk,Failure Risk
40.20030502,24.87882651,56.14240346,17.6570969,0.657720565,,0,0,0.0007625337,0,Stable,Stable
22.48086392,34.42671789,59.38216595,9.840558732,0.918348745,,0,0,0.00018864252,0,Stable,Stable
20.11344421,32.51720086,37.26922565,25.55062052,0.280763224,,0,0,5.1700535e-08,0,Stable,Stable
27.77332543,41.19222986,24.60256147,44.82018165,0.391157271,,0,0,3.1387827e-07,0,Stable,Stable
15.95086223,28.54825544,35.16383599,26.25448135,0.793861522,,0,0,1.0168164e-06,0,Stable,Stable
30.08052791,20.49830418,42.3720121,15.58067192,0.349335938,,0,0,1.509505e-05,0,Stable,Stable
37.58611905,28.88571326,17.57543555,33.94795717,0.951301329,,0,0,6.699051e-06,0,Stable,Stable
14.19816986,32.49802569,58.67604629,39.5510078,0.631831971,,0,0,9.235347e-05,0,Stable,Stable
43.54629999,25.2876647,50.14101027,9.315922216,0.263703686,,0,0,6.7336327e-06,0,Stable,Stable
11.97921228,38.3598969,52.66773051,11.77285323,0.242615788,,0,0,1.765247e-06,0,Stable,Stable
25.15739051,24.95082314,39.45326691,26.65157681,0.091016986,,0,0,1.4333758e-06,0,Stable,Stable
47.33226858,32.62192004,32.71096034,44.93839637,0.125792218,,0,0,4.970631e-07,0,Stable,Stable
16.85675197,21.04933921,20.84642289,46.93789052,0.032074895,,0,0,1.6428576e-05,0,Stable,Stable
47.37601438,34.24321673,40.89542716,40.12982503,0.380064654,,0,0,1.81409e-07,0,Stable,Stable
5.151307025,40.56831022,43.0328168,43.95790341,0.971455675,,1,1,0.99941885,0,Failure Risk,Failure Risk
42.23505812,32.46394101,29.28573938,8.301828058,0.347276069,,0,0,9.0022546e-08,0,Stable,Stable
20.70936439,21.06533221,29.64752181,28.2469042,0.081542419,,0,0,8.172891e-06,0,Stable,Stable
44.66600442,32.42507431,35.15790767,20.55232853,0.983255106,,0,0,5.3940744e-06,0,Stable,Stable
33.40283918,31.73179616,18.83480044,7.406530702,0.78238714,,0,0,4.5286137e-07,0,Stable,Stable
43.69331624,33.94349351,15.93402503,36.45321766,0.396658979,,0,0,3.364359e-08,0,Stable,Stable
14.17072259,29.91614515,55.23315849,17.02408961,0.2760912,,0,0,1.23687105e-05,0,Stable,Stable
10.81113818,25.11672369,14.63768963,47.81490011,0.199999871,,0,0,6.7619774e-05,0,Stable,Stable
36.34425601,29.70122577,24.97638761,10.38884366,0.295635457,,0,0,1.2185406e-07,0,Stable,Stable
31.06063333,34.72957482,38.68207325,46.83784909,0.424425608,,0,0,6.22448e-07,0,Stable,Stable
47.32864479,26.01120314,24.29686445,15.44778434,0.248861673,,0,0,4.2539344e-07,0,Stable,Stable
35.47947146,29.02453823,39.74598751,23.88044862,0.782388676,,0,0,1.4240248e-06,0,Stable,Stable
38.03982528,27.82207281,19.90325071,11.53536906,0.488537831,,0,0,1.9264075e-07,0,Stable,Stable
6.236833767,31.61183155,58.14908888,26.64292202,0.030618053,,1,1,0.9930547,0,Failure Risk,Failure Risk
12.64490037,35.81334422,12.68266544,36.29735379,0.580017252,,0,0,9.737658e-08,0,Stable,Stable
49.21013107,41.37465037,19.17074269,6.03058813,0.593271447,,0,0,1.3835145e-07,0,Stable,Stable
36.020247,30.35001707,22.99000078,27.54866986,0.258299839,,0,0,5.0903072e-08,0,Stable,Stable
46.87163688,22.394134,24.34874127,28.42633039,0.00750055,,0,0,2.4409112e-06,0,Stable,Stable
19.29011628,20.98876823,58.24330058,14.15787479,0.259777779,,0,0,9.5884556e-05,0,Stable,Stable
35.24472802,20.84109556,38.00464588,8.322573385,0.502615766,,0,0,1.8901936e-05,0,Stable,Stable
9.924368218,23.47041706,31.92021671,38.64214152,0.147731681,,0,0,0.21791585,0,Stable,Stable
24.7919332,38.07285456,35.6253655,19.32030285,0.805714711,,0,0,3.0244735e-07,0,Stable,Stable
12.70001,39.05239176,25.25845859,46.00475263,0.052323408,,0,0,1.2864099e-06,0,Stable,Stable
10.5389534,38.26066203,20.31039487,10.92186085,0.440460533,,0,0,2.3898033e-07,0,Stable,Stable
33.72045109,36.15623755,48.22426354,36.30708131,0.837101367,,0,0,2.1008332e-06,0,Stable,Stable
46.48089904,34.91998842,12.49858642,27.1295813,0.199247533,,0,0,2.9019244e-08,0,Stable,Stable
6.260239376,25.06791491,46.7941046,17.99292428,0.287488809,,1,1,0.9999906,0,Failure Risk,Failure Risk
18.85746684,33.57784717,36.92402881,35.77868538,0.53549691,,0,0,1.2351828e-07,0,Stable,Stable
5.051567778,42.45796983,46.81972603,49.41362548,0.246056832,,0,0,0.25027254,0,Stable,Stable
41.9282327,27.33236633,18.86833854,35.55378104,0.94765901,242.0785296,0,0,7.951093e-06,0,Stable,Stable
10.33951301,26.64568088,21.60271608,47.53090976,0.574355843,,0,0,0.0041907663,0,Stable,Stable
26.022836,38.3112529,57.37149991,16.4898331,0.689207004,,0,0,1.5135829e-05,0,Stable,Stable
40.3399261,32.21407628,19.24445978,16.82373102,0.338153376,,0,0,6.3121334e-08,0,Stable,Stable
10.71739626,33.92146889,46.4155221,36.63800948,0.391453981,,0,0,2.484799e-05,0,Stable,Stable
27.54361858,26.49188639,34.35244383,9.687138549,0.014509648,,0,0,2.4455989e-07,0,Stable,Stable
44.87332852,30.36191819,31.77380462,45.8283389,0.979915579,166.398984,0,0,1.0247102e-05,0,Stable,Stable
5.614602639,25.90069013,25.59651842,23.50809292,0.989785775,,1,1,0.9999956,0,Failure Risk,Failure Risk
35.82703291,35.99599414,14.13842668,21.0396575,0.168625844,,0,0,3.0984353e-08,0,Stable,Stable
36.51771108,40.177073,58.34082129,36.14409676,0.133344139,,0,0,2.2593458e-06,0,Stable,Stable
5.770493861,27.46157592,59.95412929,17.0512677,0.989901893,,1,1,0.9999995,0,Failure Risk,Failure Risk
29.68872763,29.87069379,21.59669026,48.34104793,0.97513899,,0,0,1.6510452e-05,0,Stable,Stable
31.94481669,23.05199194,36.32740938,10.85211523,0.149711584,,0,0,2.3448242e-06,0,Stable,Stable
35.3254342,43.0329441,19.67105064,41.87207966,0.703645954,,0,0,8.4717534e-08,0,Stable,Stable
10.45123582,42.60351872,55.78758695,9.624224095,0.604817382,,0,0,0.0020496089,0,Stable,Stable
44.45815992,27.26273532,26.78294251,18.19112447,0.235613264,,0,0,1.9555165e-07,0,Stable,Stable
22.09802563,21.57646314,27.9491469,9.128912096,0.617456705,,0,0,1.2308805e-05,0,Stable,Stable
14.83468077,25.22710507,55.08050281,18.68525183,0.906482029,,0,1,0.7025855,1,Stable,Failure Risk
31.972065,44.00267598,25.11527682,43.54356029,0.843640616,,0,0,2.5277464e-07,0,Stable,Stable
40.54604008,21.59128426,46.17556795,45.03670033,0.626892142,,0,0,0.00010942529,0,Stable,Stable
6.399886288,21.8556779,48.2061674,43.13346541,0.764393425,,1,1,0.99999905,0,Failure Risk,Failure Risk
9.76005081,24.24487512,46.0444444,18.18482811,0.090466981,,1,0,0.13104434,1,Failure Risk,Stable
20.11645767,34.75064929,28.00476787,24.59753159,0.424137901,,0,0,3.7350677e-08,0,Stable,Stable
48.35270203,38.43387025,27.30094997,21.53233223,0.786200958,,0,0,1.6486317e-07,0,Stable,Stable
33.32097242,24.80357122,43.08934667,23.68306112,0.599032853,107.6316687,0,0,1.384784e-05,0,Stable,Stable
49.2619248,35.41818979,21.14223434,6.618080103,0.742645203,,0,0,2.8131305e-07,0,Stable,Stable
27.94504767,39.32016019,34.833341,15.44879203,0.611446879,106.5085874,0,0,2.0289659e-07,0,Stable,Stable
44.56969246,33.53325194,17.5111963,10.43335061,0.946031244,,0,0,5.7521106e-06,0,Stable,Stable
26.064592,22.77564871,47.81313555,38.3464896,0.12480362,,0,0,1.0458976e-05,0,Stable,Stable
34.18239189,28.72888504,22.06586169,24.44024963,0.004419309,,0,0,9.150999e-08,0,Stable,Stable
33.54979735,22.24262193,29.55554866,43.82881724,0.308363244,,0,0,7.4603163e-06,0,Stable,Stable
46.21964006,35.94160711,27.08370069,38.66850192,0.417643784,,0,0,6.606623e-08,0,Stable,Stable
40.80774717,31.07880684,14.09625537,39.12309873,0.410398653,,0,0,7.454652e-08,0,Stable,Stable
24.47172116,26.00239741,43.55811767,8.251171818,0.281984511,,0,0,1.156086e-06,0,Stable,Stable
47.85356231,31.49830492,19.80148704,47.92651148,0.772546823,,0,0,7.276557e-07,0,Stable,Stable
5.164101625,23.91679736,27.08290135,37.16229041,0.094640157,,1,1,0.9986588,0,Failure Risk,Failure Risk
36.90293555,31.91926302,11.11874229,11.40955043,0.659000322,,0,0,2.2106136e-07,0,Stable,Stable
46.09605288,25.56432778,29.94077949,20.02113875,0.612225859,,0,0,1.175365e-06,0,Stable,Stable
21.96469559,23.41472346,37.24911404,33.62621187,0.914839845,,0,0,0.00014778448,0,Stable,Stable
28.24972231,35.86248073,13.41873862,24.74536958,0.197676618,,0,0,2.7771387e-08,0,Stable,Stable
39.47359996,25.56914691,31.3082329,10.68599831,0.730430149,,0,0,4.884281e-06,0,Stable,Stable
22.09573349,21.6892634,39.53906703,32.26259286,0.945295558,,0,0,0.00030268382,0,Stable,Stable
29.57410964,35.34497398,18.76904815,34.2267434,0.42231774,,0,0,2.2799982e-08,0,Stable,Stable
27.76402843,29.38273277,13.41601361,31.2748734,0.683579871,,0,0,1.8619389e-07,0,Stable,Stable
48.74996169,25.24687773,15.58254033,39.24543337,0.863548335,,0,0,5.4203474e-06,0,Stable,Stable
13.09300011,31.80459017,34.58113653,37.49084487,0.53851168,,0,0,1.1402332e-06,0,Stable,Stable
43.26344315,37.01559821,58.04793425,24.93753291,0.938105792,153.5843489,0,0,0.0001338072,0,Stable,Stable
32.65892685,20.85244654,58.5879488,45.7782222,0.502627684,,0,0,0.00034656056,0,Stable,Stable
19.62731856,28.06323636,35.70993463,19.62173747,0.552226233,,0,0,2.2836504e-07,0,Stable,Stable
19.70402213,44.7422429,54.28101321,14.0725639,0.935623836,,0,0,8.108903e-05,0,Stable,Stable
31.55420298,42.11428016,46.6774647,26.72602362,0.313118422,,0,0,1.3375191e-07,0,Stable,Stable
26.41670138,26.81373488,49.24746094,49.73668653,0.3748267,126.8030789,0,0,6.090021e-06,0,Stable,Stable
42.44183326,25.59431423,33.6669527,27.58725592,0.898366769,,0,0,1.6709897e-05,0,Stable,Stable
14.89103204,42.27293201,58.25239499,8.340166914,0.905311148,,0,0,0.0021486834,0,Stable,Stable
31.66963915,29.17440933,19.4667824,23.70257765,0.692218226,,0,0,1.8116108e-07,0,Stable,Stable
7.45428473,31.41133508,29.49637809,43.95280902,0.347996752,,0,0,0.21672352,0,Stable,Stable
31.50246418,44.16634178,44.03560603,22.31807532,0.527898081,135.0002339,0,0,1.836253e-07,0,Stable,Stable
35.97589398,37.64093236,53.89300894,33.9483767,0.260560494,,0,0,1.3473451e-06,0,Stable,Stable
40.56833641,21.75088063,45.38945785,11.19241274,0.712695273,157.7091169,0,0,0.000101986814,0,Stable,Stable
16.92188988,41.19485558,34.68958388,14.133757,0.130265217,,0,0,6.948752e-08,0,Stable,Stable
34.58268678,43.84913083,19.11138952,14.0810328,0.927796571,,0,0,3.0967776e-06,0,Stable,Stable
35.17726144,31.94159106,17.00910546,30.49938545,0.997817558,,0,0,4.8237466e-06,0,Stable,Stable
45.78203288,25.7634698,55.44423751,26.44561488,0.92981396,,0,0,0.0021141556,0,Stable,Stable
33.99937221,24.38319156,10.06964223,26.91461105,0.569633061,,0,0,5.313976e-07,0,Stable,Stable
28.71697986,23.0393255,33.60889413,41.14678974,0.074994257,,0,0,3.5495063e-06,0,Stable,Stable
32.39287172,39.79741129,10.85112121,35.92881059,0.569973707,,0,0,4.0369e-08,0,Stable,Stable
19.13407049,36.54255232,35.22497647,38.39357355,0.251476132,,0,0,6.794028e-08,0,Stable,Stable
48.78398212,30.54497048,52.89712659,39.27479523,0.098496306,133.4377707,0,0,7.0638276e-07,0,Stable,Stable
41.10299674,31.66117724,24.2501616,32.42921689,0.609974593,,0,0,1.3613794e-07,0,Stable,Stable
19.34592628,39.77294001,38.19529697,37.1029481,0.503069921,,0,0,8.489109e-08,0,Stable,Stable
36.4395641,27.84152273,31.89091483,39.54276698,0.616683185,,0,0,5.0238737e-07,0,Stable,Stable
16.12286351,38.67117437,42.24192874,22.05884731,0.082656405,,0,0,5.289963e-08,0,Stable,Stable
41.26682148,26.70500905,30.73394739,33.03454199,0.120362769,,0,0,1.5752914e-07,0,Stable,Stable
39.7501868,33.31797678,35.60020182,12.27346369,0.739720021,,0,0,7.0865264e-07,0,Stable,Stable
38.732952,40.88514697,41.00913158,31.74960654,0.393770247,,0,0,4.9833844e-08,0,Stable,Stable
24.06619184,23.34256705,18.87841174,21.20401121,0.431774336,,0,0,9.33718e-07,0,Stable,Stable
21.73113461,27.2562805,48.80499648,18.2930275,0.28564035,,0,0,6.2586406e-07,0,Stable,Stable
49.06189579,42.74677185,42.37831829,33.13287537,0.960657328,,0,0,3.3351753e-06,0,Stable,Stable
32.58734116,39.84818188,26.45297071,39.41916887,0.336637306,,0,0,8.034691e-08,0,Stable,Stable
6.905072566,40.17126503,10.28114431,44.83445871,0.545143388,,0,0,0.0001252497,0,Stable,Stable
36.33185639,32.93535472,24.92291973,24.410722,0.738717883,,0,0,1.7940944e-07,0,Stable,Stable
40.08924749,29.50272367,51.49783109,16.03781866,0.121084775,,0,0,7.037678e-07,0,Stable,Stable
37.25261522,37.47997257,20.94764505,32.71357292,0.570273891,,0,0,5.609193e-08,0,Stable,Stable
19.80931461,35.56129686,51.59969039,30.49013072,0.165741392,,0,0,1.9685771e-07,0,Stable,Stable
16.12152815,44.84075355,50.51436803,7.313933862,0.607695272,,0,0,1.1807408e-06,0,Stable,Stable
48.88015282,31.40073259,25.59437016,48.68730381,0.706207748,,0,0,7.3379226e-07,0,Stable,Stable
21.29669526,28.99997024,21.31952017,41.41463931,0.156090523,,0,0,2.082258e-07,0,Stable,Stable
31.82443375,42.20986044,26.18220841,33.01009068,0.740141166,,0,0,1.2062787e-07,0,Stable,Stable
20.28433303,35.43054648,15.05711338,15.01039259,0.349129929,,0,0,5.5523316e-08,0,Stable,Stable
30.00665933,39.74236282,45.14681134,23.39382316,0.992855442,,0,0,2.3782111e-05,0,Stable,Stable
19.95394598,31.73951758,13.20257784,24.47511276,0.884369067,,0,0,6.4851196e-07,0,Stable,Stable
5.113739742,31.62387559,50.95579993,35.87753623,0.898789124,,1,1,0.99999917,0,Failure Risk,Failure Risk
25.30705079,27.38074943,12.33378764,34.347746,0.422466556,,0,0,1.081782e-07,0,Stable,Stable
32.05887637,39.93802498,48.01625375,33.79701225,0.736551195,,0,0,1.4043173e-06,0,Stable,Stable
26.76426706,39.96229426,10.03452372,28.39031411,0.786481419,,0,0,1.3510234e-07,0,Stable,Stable
37.06721079,39.47058623,39.53917616,31.84742142,0.60506325,,0,0,1.0525826e-07,0,Stable,Stable
17.26008985,33.75958088,27.66743354,31.65907199,0.753831836,,0,0,2.2980694e-07,0,Stable,Stable
21.18935578,26.65852782,33.40823395,38.64899065,0.383057592,,0,0,4.500671e-07,0,Stable,Stable
34.77119096,40.50751488,36.61655557,21.34992843,0.82522431,,0,0,2.858096e-07,0,Stable,Stable
15.40291474,33.04789677,36.2380977,8.015389494,0.326729166,,0,0,2.1278757e-07,0,Stable,Stable
31.40450437,32.06440459,32.04385004,49.47783121,0.269311954,,0,0,5.9200323e-07,0,Stable,Stable
10.74160577,33.96782381,41.5315303,30.56218309,0.602279132,,0,0,0.00011524263,0,Stable,Stable
13.41755762,31.47032321,34.24742199,22.0870326,0.199504836,,0,0,1.09488866e-07,0,Stable,Stable
9.244069316,24.66266707,39.33801329,30.24521841,0.193406265,,1,1,0.9027952,0,Failure Risk,Failure Risk
42.61658329,38.84565654,42.25850347,15.64965628,0.281404156,,0,0,8.576309e-08,0,Stable,Stable
33.9261579,22.97513477,41.97823903,39.43534241,0.793847739,,0,0,5.8793146e-05,0,Stable,Stable
49.06617254,39.99465479,55.64661186,20.10772398,0.047602668,,0,0,2.1270287e-06,0,Stable,Stable
42.91098832,28.5931181,11.78288219,21.10155906,0.39936577,,0,0,8.070462e-08,0,Stable,Stable
49.6766508,21.57945125,46.72165944,16.37827699,0.442335918,,0,0,1.8353181e-05,0,Stable,Stable
13.6584967,25.9642631,35.7253939,10.77866131,0.964429988,,0,0,0.003485999,0,Stable,Stable
13.60819284,33.06078283,23.93014877,36.32437572,0.386528572,,0,0,9.33008e-08,0,Stable,Stable
44.08826767,27.41990351,47.77667672,41.84790948,0.530125027,,0,0,2.5257418e-06,0,Stable,Stable
30.96092909,32.07187805,27.77825301,29.72531725,0.588025608,,0,0,1.095674e-07,0,Stable,Stable
8.619944009,35.15948696,22.04463347,28.75926764,0.656850944,,0,0,0.00020632625,0,Stable,Stable
6.578942505,32.1408727,17.51397823,33.11894753,0.285174267,,0,0,0.099123746,0,Stable,Stable
22.90170178,21.81878813,55.92652259,28.39565877,0.847953143,,0,0,0.002274984,0,Stable,Stable
32.72498602,43.64346055,36.56753773,46.12099408,0.232447941,205.7991803,0,0,4.922331e-07,0,Stable,Stable
7.636589947,20.62086019,40.08343937,6.824591224,0.020118118,,1,1,0.9934669,0,Failure Risk,Failure Risk
43.60978502,33.98771584,25.17681049,15.70125832,0.347894014,,0,0,8.242283e-08,0,Stable,Stable
32.25066233,43.51041982,44.79002808,33.9196109,0.564869376,,0,0,1.729126e-07,0,Stable,Stable
11.15961439,21.68058087,37.92323212,6.985951185,0.373824491,,1,0,0.18773094,1,Failure Risk,Stable
25.29842323,30.0827472,52.19195734,14.58644711,0.64865839,110.7899504,0,0,7.46339e-06,0,Stable,Stable
49.40945811,31.43076014,33.60724257,18.80994976,0.964010083,,0,0,9.411253e-06,0,Stable,Stable
6.757457829,42.47185402,56.02641982,12.26546328,0.214355298,,0,0,0.25784108,0,Stable,Stable
30.19838662,34.70119296,45.08458757,49.20331842,0.082750514,,0,0,6.608198e-07,0,Stable,Stable
9.305879329,27.28629119,18.24911747,20.76945916,0.317934595,,0,0,0.00016697853,0,Stable,Stable
39.46396941,31.37529465,57.6477213,32.66914392,0.27873218,,0,0,3.5402436e-06,0,Stable,Stable
14.5419513,44.7929073,52.05147861,35.45047759,0.262683064,,0,0,4.0287466e-07,0,Stable,Stable
18.41887842,38.98173549,23.78611255,16.14443142,0.389743763,,0,0,6.4443554e-08,0,Stable,Stable
14.77609576,35.47786738,49.94267783,47.34581345,0.817924083,,0,0,9.249261e-06,0,Stable,Stable
33.35422323,29.79501927,12.41714532,19.26804638,0.895930614,,0,0,1.4971263e-06,0,Stable,Stable
16.32917239,25.95217955,56.74319371,43.53421631,0.415761692,,0,0,7.360629e-05,0,Stable,Stable
47.45208735,22.52805136,49.71653276,27.75465667,0.873105808,,0,0,0.00039181815,0,Stable,Stable
10.38336978,42.52199747,52.08970988,9.122022459,0.919546789,,0,0,0.013456863,0,Stable,Stable
34.34498857,40.38998592,58.77619226,44.81706611,0.697751443,,0,0,1.8368275e-05,0,Stable,Stable
9.005143009,39.13646118,22.59957651,49.33071812,0.326464764,165.113554,0,0,1.0915333e-05,0,Stable,Stable
13.04493294,41.48743127,52.17036459,36.77500774,0.973474752,,0,0,0.002862357,0,Stable,Stable
23.48496903,20.75353294,21.90067059,17.29937963,0.215992108,,0,0,5.128879e-06,0,Stable,Stable
17.61193851,44.36402959,15.63455834,30.73612821,0.503747216,,0,0,3.8333905e-08,0,Stable,Stable
45.91868659,28.16235819,31.46824102,39.78313214,0.550059315,160.5759866,0,0,3.3418317e-07,0,Stable,Stable
42.27453359,28.25177001,10.92877979,14.25416476,0.784434047,,0,0,8.077907e-07,0,Stable,Stable
47.03699047,29.15001369,20.75064857,42.39675553,0.234732449,,0,0,2.1607254e-07,0,Stable,Stable
32.42773051,43.21171631,11.49172571,36.39721009,0.700044371,,0,0,6.537467e-08,0,Stable,Stable
5.691481283,31.76998537,15.47968873,27.13578668,0.809267148,136.3817462,1,1,0.9980007,0,Failure Risk,Failure Risk
27.22887447,40.13427584,40.02537303,33.61307217,0.122222108,,0,0,4.031936e-08,0,Stable,Stable
47.65122583,33.00611417,34.39709395,13.28294253,0.451786237,,0,0,1.2164286e-07,0,Stable,Stable
38.29197355,31.15320024,15.99170914,32.12154838,0.828687615,,0,0,3.8643597e-07,0,Stable,Stable
6.652768501,41.17783059,52.23039335,8.842246938,0.886902295,,1,1,0.99876875,0,Failure Risk,Failure Risk
44.47415048,42.76739491,22.71017723,37.32638462,0.912328678,,0,0,1.0599771e-06,0,Stable,Stable
21.57424275,25.20462195,12.30994688,32.48368686,0.521677826,,0,0,6.5103836e-07,0,Stable,Stable
30.81849091,36.71163138,56.39435477,24.52582595,0.471978934,,0,0,3.9179995e-06,0,Stable,Stable
24.53343774,34.48768606,21.5187769,44.6992391,0.316325423,,0,0,1.3693392e-07,0,Stable,Stable
31.87059697,26.5357696,23.05002845,23.06876123,0.314596044,,0,0,1.9437692e-07,0,Stable,Stable
23.13003105,28.33294538,38.14300037,37.58303666,0.579994666,99.84728197,0,0,6.7165263e-07,0,Stable,Stable
28.12849306,32.98973196,56.31138286,43.92629078,0.647592078,,0,0,1.9956882e-05,0,Stable,Stable
43.05318351,22.02898123,32.71493945,10.88416402,0.500569855,236.5701277,0,0,6.415268e-06,0,Stable,Stable
30.44495748,39.65792862,26.45466331,6.568298155,0.262281967,,0,0,6.504023e-08,0,Stable,Stable
16.13604783,38.12897878,47.48309917,32.88517782,0.656412274,,0,0,5.169309e-07,0,Stable,Stable
42.90605545,35.85993149,35.54150561,35.36454077,0.049781556,,0,0,3.7207823e-08,0,Stable,Stable
38.99725957,38.78435663,50.36997646,13.05983954,0.657581434,,0,0,1.3773748e-06,0,Stable,Stable
10.72418537,38.14244237,42.8491098,10.43368404,0.50112488,,0,0,2.6513503e-06,0,Stable,Stable
29.47542893,22.88535598,33.42590817,18.25473649,0.332705089,,0,0,2.5593363e-06,0,Stable,Stable
36.24236359,43.88216535,55.86669601,12.34997998,0.796481263,,0,0,2.6942953e-05,0,Stable,Stable
9.904999544,25.47862421,50.93235178,30.53455121,0.488638055,128.8795593,1,1,0.99989116,0,Failure Risk,Failure Risk
32.54747993,38.06851919,48.63437184,31.12635903,0.624590579,133.3263504,0,0,4.8248006e-07,0,Stable,Stable
19.38416124,26.77090094,57.47172606,26.24878393,0.071261964,,0,0,1.22788615e-05,0,Stable,Stable
28.80964704,37.2443864,25.02218534,14.28721091,0.181267863,,0,0,5.9036548e-08,0,Stable,Stable
10.03369759,21.41477119,28.01185944,43.42481946,0.008785235,,0,0,0.08176543,0,Stable,Stable
14.37339754,28.04129346,45.97074399,5.79800862,0.490507267,,0,0,5.297988e-06,0,Stable,Stable
21.42705621,39.4638865,21.09097864,35.32917724,0.566775575,,0,0,4.8811746e-08,0,Stable,Stable
23.71050057,35.89100275,22.95826762,42.62012187,0.405887766,,0,0,7.688927e-08,0,Stable,Stable
14.13166486,26.69739067,17.82684732,33.33677682,0.759211691,,0,0,2.1272742e-06,0,Stable,Stable
27.41678241,31.40749104,51.09249652,15.74667847,0.425878891,129.9786924,0,0,4.7610737e-07,0,Stable,Stable
41.98628213,24.17431815,38.96769525,31.93632638,0.977042237,,0,0,0.00030625303,0,Stable,Stable
33.55039129,34.62302737,51.20272448,13.65430158,0.033209413,,0,0,3.3215917e-07,0,Stable,Stable
24.63580374,28.84013191,27.58304566,6.729491457,0.267756045,,0,0,1.5441522e-07,0,Stable,Stable
39.38056815,40.60830844,10.51807735,29.94938709,0.398633971,,0,0,3.1061393e-08,0,Stable,Stable
46.01543016,21.58623902,35.10984569,41.8494898,0.811049386,110.8843296,0,0,8.376759e-05,0,Stable,Stable
29.83055286,29.01039632,27.44227645,26.80131038,0.578520816,,0,0,1.4462623e-07,0,Stable,Stable
23.16904747,29.8235032,13.23856802,20.44373304,0.362668109,103.7959658,0,0,6.137693e-08,0,Stable,Stable
12.41334673,38.72639031,35.80798234,31.15513687,0.72613628,,0,0,4.5297108e-07,0,Stable,Stable
20.18636128,40.27024741,37.86029553,20.16856188,0.583569075,,0,0,1.0092802e-07,0,Stable,Stable
48.77854721,36.76283997,26.31043066,42.90370635,0.595235576,199.6697778,0,0,1.1992016e-07,0,Stable,Stable
44.91195783,42.24053089,27.17032229,47.34756095,0.092298842,,0,0,2.705619e-07,0,Stable,Stable
8.936582259,25.3377842,55.47131177,10.13701568,0.032270618,,1,1,0.81801593,0,Failure Risk,Failure Risk
43.24110174,37.54397463,57.34587349,35.87537051,0.510324613,,0,0,3.7080204e-06,0,Stable,Stable
15.06538454,26.10637224,44.5347052,24.61172535,0.970668157,,0,0,0.00650004,0,Stable,Stable
47.74097091,22.11624837,28.6479471,41.2127867,0.395523073,,0,0,7.635796e-06,0,Stable,Stable
32.28426263,29.3764736,50.87441136,5.15788271,0.482103633,171.0135035,0,0,1.742478e-06,0,Stable,Stable
47.93621357,21.21639455,14.21587634,19.26355033,0.158712239,,0,0,2.1118753e-06,0,Stable,Stable
12.09362161,28.42236413,52.79672162,36.1880826,0.874711025,,1,1,0.5857741,0,Failure Risk,Failure Risk
39.10719828,26.88225339,36.72204374,28.27008982,0.715321852,,0,0,7.0166885e-07,0,Stable,Stable
33.31009146,37.03600664,13.11181639,40.43439359,0.571477118,,0,0,5.96853e-08,0,Stable,Stable
39.95457221,33.38622499,17.6615985,7.225393295,0.180685953,128.7664892,0,0,6.274071e-08,0,Stable,Stable
24.46891163,41.98171565,41.4085573,47.49138808,0.232002584,,0,0,5.2069316e-07,0,Stable,Stable
44.24133807,33.47520594,52.91998406,38.71886359,0.067246418,,0,0,4.520514e-07,0,Stable,Stable
25.56510392,28.89042076,47.41501392,11.8279148,0.394387824,,0,0,6.506362e-07,0,Stable,Stable
25.0161346,37.17116343,29.45152458,11.49970285,0.645381338,,0,0,1.8701357e-07,0,Stable,Stable
7.880003724,31.09589562,44.95378174,8.777822489,0.369323463,,1,1,0.7700306,0,Failure Risk,Failure Risk
47.59061426,38.36027324,17.19927967,49.84802344,0.541046614,,0,0,2.6086497e-07,0,Stable,Stable
15.27488765,38.04425693,30.80184983,40.91086004,0.364205557,,0,0,1.8931549e-07,0,Stable,Stable
21.54602851,44.49725806,56.79051744,9.380600516,0.177757304,,0,0,2.6108175e-06,0,Stable,Stable
47.72729443,42.53136993,11.7163676,41.10234454,0.735259213,,0,0,1.2971952e-07,0,Stable,Stable
39.73950816,31.40165523,19.20682399,26.10097183,0.575692196,,0,0,8.219205e-08,0,Stable,Stable
26.10018435,27.33845847,28.35290608,7.45636011,0.104184648,,0,0,2.3916203e-07,0,Stable,Stable
44.65388028,22.35810242,57.76836404,13.91441221,0.271779584,,0,0,9.5884556e-05,0,Stable,Stable
38.59550032,24.42043394,44.86591697,31.76711942,0.42054278,,0,0,5.548664e-06,0,Stable,Stable
26.07354264,30.23095993,38.98643256,16.97919667,0.117026568,,0,0,1.1882036e-07,0,Stable,Stable
8.302280749,41.48664445,34.94593551,6.244329014,0.633435512,,0,0,2.7926311e-05,0,Stable,Stable
41.8344161,43.39531896,19.88395421,28.44717183,0.184621132,148.6360668,0,0,2.971586e-08,0,Stable,Stable
29.64720687,23.01522058,26.59416605,10.37377727,0.365653774,,0,0,1.7931483e-06,0,Stable,Stable
26.40065345,32.30255264,13.92729585,43.71480012,0.335199965,,0,0,7.368801e-08,0,Stable,Stable
22.08171397,20.46815382,30.42441523,20.78284029,0.950797991,,0,0,0.00066803035,0,Stable,Stable
6.812517323,29.66141035,18.68570516,6.094796926,0.31090263,,0,1,0.9662585,1,Stable,Failure Risk
8.477227682,31.50245645,20.3799584,22.36261661,0.860653226,,1,1,0.9182442,0,Failure Risk,Failure Risk
19.09975245,30.15154688,23.44556756,41.92743912,0.671522984,,0,0,2.3459172e-07,0,Stable,Stable
11.70903869,25.06539252,26.79257012,25.05424106,0.635122842,,0,0,0.0007461648,0,Stable,Stable
10.00474588,22.26949401,46.44453863,44.50268584,0.15834619,,1,1,0.9277803,0,Failure Risk,Failure Risk
22.28851184,27.63018157,22.03733962,18.76445429,0.477941946,,0,0,1.8947064e-07,0,Stable,Stable
24.74429993,25.59430729,35.40403871,15.13768958,0.460585225,,0,0,1.2290999e-06,0,Stable,Stable
40.95546671,26.54553914,41.23277626,42.18710577,0.723751481,,0,0,1.723244e-06,0,Stable,Stable
34.76483773,43.76874015,27.00661054,27.12510428,0.308274593,,0,0,4.191511e-08,0,Stable,Stable
43.27349493,28.11183646,27.83708945,24.53819858,0.138742496,,0,0,8.906527e-08,0,Stable,Stable
15.49162866,26.49338326,10.8119496,37.71751846,0.425392124,,0,0,6.1693066e-07,0,Stable,Stable
40.6557934,32.17610749,20.53411169,8.376276089,0.723573798,,0,0,2.7291367e-07,0,Stable,Stable
44.78767963,28.32805911,52.06059185,41.268741,0.370037331,,0,0,3.3153967e-06,0,Stable,Stable
47.87617317,36.78070195,24.26499879,29.60101084,0.45607113,,0,0,3.9709793e-08,0,Stable,Stable
21.6198576,28.60193594,45.29631333,26.87586564,0.314884964,,0,0,4.237548e-07,0,Stable,Stable
9.627476723,40.43578523,43.01517235,21.81243567,0.570119001,,0,0,4.6357904e-06,0,Stable,Stable
28.73815339,35.21297746,57.17313665,38.28823028,0.133270376,,0,0,3.4610025e-06,0,Stable,Stable
28.56624495,31.5524206,55.80034613,34.95035973,0.355549913,,0,0,3.5209807e-06,0,Stable,Stable
6.680823567,44.67076086,37.15967039,36.00867147,0.726356833,,0,0,0.052217606,0,Stable,Stable
47.57883278,28.31320899,55.15140369,15.04044685,0.527753295,,0,0,3.0980606e-05,0,Stable,Stable
39.0143368,38.18836641,53.81984689,10.85635987,0.891520649,,0,0,1.6689624e-05,0,Stable,Stable
5.439750414,44.9852647,42.1717677,47.17122138,0.046067133,,0,0,0.02967195,0,Stable,Stable
40.03488615,21.08346833,40.63791204,30.5272834,0.151679363,,0,0,1.6536658e-05,0,Stable,Stable
39.52752355,20.56553893,26.46589651,42.50942754,0.941554776,157.1618332,0,0,0.00027475052,0,Stable,Stable
42.15239026,31.71603496,10.21731519,7.453467003,0.078134584,,0,0,7.584202e-08,0,Stable,Stable
12.92692606,28.66599236,58.22492624,10.68616512,0.195465611,108.1954964,0,0,0.00021719106,0,Stable,Stable
14.77550636,39.92955071,51.33133087,11.08592415,0.407466137,,0,0,7.865013e-07,0,Stable,Stable
35.60274627,28.21337791,33.20655939,44.46164747,0.781230651,,0,0,2.316483e-06,0,Stable,Stable
38.54601672,36.86907603,56.63665356,28.05106011,0.792290974,,0,0,4.581788e-05,0,Stable,Stable
33.57281821,36.40020271,36.6354533,37.69759756,0.755667955,,0,0,3.61035e-07,0,Stable,Stable
20.8928058,44.82301376,55.34206447,18.87996557,0.190624111,,0,0,2.2550257e-06,0,Stable,Stable
45.01521012,38.52483129,46.35197789,48.62398411,0.337197751,,0,0,9.1813115e-07,0,Stable,Stable
49.07191188,23.67497618,24.68897233,16.78816535,0.495849517,,0,0,1.9332829e-06,0,Stable,Stable
9.933124385,22.58882355,26.67881973,42.2347655,0.629228789,,1,1,0.9993148,0,Failure Risk,Failure Risk
19.1830413,21.2858111,19.13007159,26.05963089,0.759189689,,0,0,1.28744505e-05,0,Stable,Stable
34.89549312,30.84320699,29.1517478,6.777824875,0.948359807,,0,0,1.2297424e-05,0,Stable,Stable
45.30027786,35.19270418,48.84399132,24.92524482,0.333678129,,0,0,1.1959683e-07,0,Stable,Stable
39.54833644,39.69610659,13.63067157,33.52864803,0.692109199,,0,0,4.9731778e-08,0,Stable,Stable
19.96945254,34.03622543,36.02803205,45.16898493,0.855843264,,0,0,2.3703471e-06,0,Stable,Stable
46.17750784,21.09574614,50.35437497,27.26838547,0.997526027,,0,0,0.0016822297,0,Stable,Stable
29.14410981,37.14538583,31.18541345,15.06171062,0.70766275,,0,0,2.1962593e-07,0,Stable,Stable
7.266334955,22.15447069,20.60623648,17.37224261,0.975915217,,1,1,0.9999833,0,Failure Risk,Failure Risk
46.74795259,37.85912905,56.60830575,5.854123179,0.288045779,,0,0,2.7613016e-06,0,Stable,Stable
16.56868198,36.30594861,50.61504251,5.092341868,0.980330782,,0,0,6.892128e-05,0,Stable,Stable
12.54264153,33.72038325,16.18495294,47.8600095,0.982897525,,0,0,0.00042434342,0,Stable,Stable
41.2667669,25.00539993,26.18188342,41.48199945,0.518066715,153.3045925,0,0,1.5063222e-06,0,Stable,Stable
43.94190254,31.69008786,35.57804536,42.3266214,0.776060249,,0,0,7.9062835e-07,0,Stable,Stable
49.21204243,22.7379373,47.22020419,12.60822825,0.507672194,,0,0,1.9969313e-05,0,Stable,Stable
40.7373219,37.79167942,54.147355,41.17172358,0.987760624,159.6880484,0,0,4.567588e-05,0,Stable,Stable
42.05538742,39.06669541,41.92624465,33.73575037,0.664430496,,0,0,1.2439851e-07,0,Stable,Stable
23.87753331,25.20662971,46.95365853,30.32763442,0.241460045,,0,0,8.047396e-06,0,Stable,Stable
31.50926041,27.63721889,50.18249496,15.7042388,0.851351071,,0,0,6.589549e-05,0,Stable,Stable
12.21029492,24.4132276,55.81569211,21.06716402,0.91862168,,1,1,0.99987125,0,Failure Risk,Failure Risk
13.31442448,20.08177313,11.32787241,43.97592558,0.973200729,,0,0,0.014808026,0,Stable,Stable
44.16474172,25.83975646,32.77386888,24.7140371,0.967044333,,0,0,6.264696e-05,0,Stable,Stable
21.34351382,35.23753991,54.54026869,38.98110694,0.313620229,154.3535276,0,0,2.3880816e-06,0,Stable,Stable
11.877268,41.07320031,25.62093036,38.70084395,0.99945508,,0,0,4.7243517e-05,0,Stable,Stable
29.47521634,44.64503377,30.79175612,37.95389858,0.14040149,,0,0,4.9355673e-08,0,Stable,Stable
29.41565915,22.79265306,44.38012554,26.66256486,0.289355457,,0,0,6.0499915e-06,0,Stable,Stable
38.89398659,32.24912941,51.35964448,32.18576993,0.776170207,,0,0,7.322862e-06,0,Stable,Stable
32.58398037,40.67447069,53.49297744,37.41748724,0.706054241,,0,0,1.3350267e-06,0,Stable,Stable
15.93489168,24.82077914,16.54549616,40.38656762,0.007534816,,0,0,5.248916e-07,0,Stable,Stable
25.10754037,37.79743126,26.60290631,42.72653444,0.967961521,,0,0,3.202007e-06,0,Stable,Stable
10.93040009,25.01931621,47.29582974,41.56780162,0.629580968,,1,1,0.99843127,0,Failure Risk,Failure Risk
15.12035626,37.73444826,35.60839421,35.06271308,0.027556415,114.7996424,0,0,5.907022e-08,0,Stable,Stable
48.62869355,22.23940843,21.02371627,47.4064181,0.177547769,,0,0,1.09427865e-05,0,Stable,Stable
17.43707054,41.0407933,55.19482551,22.54291335,0.646070778,,0,0,1.1776185e-05,0,Stable,Stable
6.340135429,34.35391666,10.51963513,27.5782846,0.369067283,,0,0,0.00077789027,0,Stable,Stable
31.59779351,20.88352612,15.97529961,29.71834834,0.43225576,,0,0,5.185636e-06,0,Stable,Stable
31.86281283,25.63950618,58.19462614,40.71018313,0.429957117,,0,0,6.772619e-05,0,Stable,Stable
19.16535307,21.83770692,38.65787559,39.96095686,0.516814355,,0,0,1.6414418e-05,0,Stable,Stable
39.61540416,41.88262892,57.87896888,48.99256707,0.225701706,,0,0,1.08391005e-05,0,Stable,Stable
34.7664546,32.96841089,58.28055261,16.02353381,0.291786109,,0,0,3.1064321e-06,0,Stable,Stable
7.833939807,20.2098873,56.69788241,17.62507587,0.836938655,,1,1,0.9999993,0,Failure Risk,Failure Risk
33.54025995,39.93661226,28.22349492,10.54265018,0.707792731,,0,0,1.8818416e-07,0,Stable,Stable
20.45437646,35.44996821,35.98571454,28.21752627,0.169361278,,0,0,3.2512908e-08,0,Stable,Stable
25.7863682,35.69082055,30.30807466,19.38600711,0.6088287,,0,0,9.867393e-08,0,Stable,Stable
7.300923715,39.99197008,30.51180081,12.26733322,0.448579673,,0,0,0.00010804327,0,Stable,Stable
39.04802546,44.96634797,36.14453069,14.96017436,0.103957407,,0,0,7.379335e-08,0,Stable,Stable
26.56590688,37.37404052,54.42220359,13.17304206,0.187521998,,0,0,1.4749462e-06,0,Stable,Stable
39.9752834,37.37844931,26.36208842,48.63641451,0.364030595,,0,0,4.5644495e-07,0,Stable,Stable
13.36557702,22.02954263,57.64766,43.764944,0.753722292,,1,1,0.9453598,0,Failure Risk,Failure Risk
40.17856365,21.47240814,53.57438084,20.6860332,0.463318486,,0,0,2.9674298e-05,0,Stable,Stable
48.06979488,32.01282465,18.7442398,7.209648811,0.965786822,,0,0,1.0396534e-05,0,Stable,Stable
28.00222682,32.72181851,56.66463963,9.845404523,0.877608091,,0,0,0.00015913116,0,Stable,Stable
16.95553095,33.74708899,50.0844358,41.13130518,0.837034445,,0,0,3.5102153e-06,0,Stable,Stable
24.42797707,37.81360663,17.45873572,46.29620974,0.958055769,125.8530725,0,0,7.2459125e-06,0,Stable,Stable
19.73195061,33.69786109,40.7681485,23.13468901,0.881641734,138.9605191,0,0,1.4989265e-06,0,Stable,Stable
20.24350224,21.04818792,55.87490482,17.5164624,0.231979001,,0,0,8.381585e-05,0,Stable,Stable
7.448455749,39.94259826,49.39591797,30.65383893,0.551595472,,0,0,0.03805532,0,Stable,Stable
43.22400213,33.39497664,50.90898249,18.02392969,0.36771652,,0,0,4.0111004e-07,0,Stable,Stable
47.31053868,22.09005703,43.15055017,25.95121152,0.887205222,,0,0,0.00021409077,0,Stable,Stable
16.41512566,21.79832879,21.7529715,49.82562588,0.865106698,,0,0,0.00013818186,0,Stable,Stable
30.90875376,33.46341922,17.64132106,40.97195142,0.769616719,,0,0,2.1384746e-07,0,Stable,Stable
23.31913803,21.04839164,17.29793728,35.08669098,0.913273193,,0,0,0.00017038241,0,Stable,Stable
36.14138128,20.86224299,45.66813613,8.936017504,0.998975979,,0,0,0.0020910467,0,Stable,Stable
48.55369658,27.02151667,56.9366454,12.59375919,0.691474045,215.7880256,0,0,0.00015888827,0,Stable,Stable
10.89750845,28.93273674,54.98539745,20.8835369,0.250206113,,0,0,0.077142596,0,Stable,Stable
24.32042525,27.05677668,28.4018937,33.42462407,0.965507553,,0,0,9.166935e-06,0,Stable,Stable
47.88999884,30.49834596,23.45781888,11.08337819,0.420783018,120.2469444,0,0,1.0891877e-07,0,Stable,Stable
6.389065964,33.10624328,22.24025067,30.10411307,0.454723931,,1,1,0.9086806,0,Failure Risk,Failure Risk
15.9828553,22.58190414,52.4191152,5.333610147,0.651283844,,0,0,0.00014049525,0,Stable,Stable
34.8093488,32.53601868,26.930984,12.01218725,0.177275518,,0,0,7.994243e-08,0,Stable,Stable
23.53651826,28.72357555,38.38760346,16.15661072,0.153731497,,0,0,1.7579109e-07,0,Stable,Stable
21.22083631,41.08148702,22.81926566,45.60213122,0.430519052,101.3584055,0,0,2.980186e-07,0,Stable,Stable
30.57625321,21.45980951,11.74261917,39.48818072,0.956337062,,0,0,0.00015627102,0,Stable,Stable
46.15992983,28.18234109,18.47308801,25.87447925,0.422016205,,0,0,7.3654846e-08,0,Stable,Stable
17.79547594,37.00681547,43.57870317,13.79168305,0.017742663,,0,0,8.942683e-08,0,Stable,Stable
7.629394588,29.71158353,40.3207466,9.648118298,0.644803833,,1,1,0.99940383,0,Failure Risk,Failure Risk
10.43098105,21.24085885,43.2862507,16.14184536,0.837427504,,1,1,0.9999536,0,Failure Risk,Failure Risk
37.80059611,41.48918972,42.08507355,21.68880473,0.609931924,134.5988332,0,0,1.1831007e-07,0,Stable,Stable
15.12681796,20.79089043,53.64562571,33.93783691,0.136953495,,0,0,0.0006293707,0,Stable,Stable
16.99101235,28.17281168,14.92750362,21.09730108,0.811024256,,0,0,6.082819e-07,0,Stable,Stable
45.7287817,20.34619089,53.81359994,38.42458835,0.803591487,,0,0,0.00037832564,0,Stable,Stable
19.48223787,31.10959025,57.07198043,7.797318469,0.981546833,,0,0,0.0004170668,0,Stable,Stable
28.88096635,20.79518418,14.87695468,41.81526076,0.732298539,,0,0,2.7256923e-05,0,Stable,Stable
40.41305647,43.79709514,11.06764566,36.93501273,0.133107525,,0,0,2.788875e-08,0,Stable,Stable
45.33968461,28.06466115,54.41466488,30.36577252,0.111044371,,0,0,5.221948e-06,0,Stable,Stable
20.39345582,30.09417726,33.78965983,18.47299555,0.844194776,,0,0,1.1342021e-06,0,Stable,Stable
24.33854215,25.2407472,21.37202947,25.11393876,0.351292276,,0,0,4.665746e-07,0,Stable,Stable
14.89660466,42.20284138,47.05538985,33.82129626,0.566313032,,0,0,6.201088e-07,0,Stable,Stable
24.21059393,30.55303893,20.67280437,26.19933819,0.0790684,,0,0,5.2214663e-08,0,Stable,Stable
26.03347251,20.44883677,11.09883464,36.41486243,0.354314204,,0,0,6.8328777e-06,0,Stable,Stable
7.67948621,38.55081656,43.03564655,22.31474948,0.21468885,,0,0,4.518223e-06,0,Stable,Stable
44.72315775,32.38449543,34.28903042,48.46176832,0.889394747,,0,0,3.6773615e-06,0,Stable,Stable
40.80111124,21.59603447,11.03109004,27.96995404,0.52135062,,0,0,2.371869e-06,0,Stable,Stable
42.31790049,35.25457527,32.41456221,25.59863293,0.062786607,,0,0,4.255829e-08,0,Stable,Stable
37.19529336,22.45316491,41.98212343,5.289956075,0.953903623,,0,0,0.0005997796,0,Stable,Stable
15.19072717,25.43763334,22.68527788,16.03975088,0.860675859,,0,0,5.0458635e-05,0,Stable,Stable
21.83475818,34.6588117,57.93067257,47.30089458,0.037072786,,0,0,1.0400273e-05,0,Stable,Stable
7.473104359,25.01138653,15.69381019,13.17660744,0.156942727,,0,1,0.6636246,1,Stable,Failure Risk
43.16425987,29.92148165,15.38299177,28.30783901,0.640324809,,0,0,1.2115059e-07,0,Stable,Stable
8.367926966,33.83147968,49.59815241,18.42250057,0.384783738,,1,1,0.5719353,0,Failure Risk,Failure Risk
45.40239858,41.33558174,48.80441237,16.39085916,0.263849538,,0,0,1.5420375e-07,0,Stable,Stable
28.57969254,31.06343039,46.7579399,15.58963454,0.663655847,105.2261727,0,0,3.3769488e-06,0,Stable,Stable
35.41059336,34.23802867,25.15033504,18.67383845,0.942542211,,0,0,2.8734714e-06,0,Stable,Stable
5.414255033,35.12861964,14.49314424,28.27749663,0.88213778,,1,1,0.9305276,0,Failure Risk,Failure Risk
29.54696666,38.07437984,59.13274147,12.90302449,0.939315784,,0,0,0.00015445187,0,Stable,Stable
47.97943503,41.12781033,17.93710645,33.73595691,0.384566232,200.9912424,0,0,2.2728036e-08,0,Stable,Stable
37.05120013,44.61743474,16.4651651,36.38337233,0.933060336,,0,0,9.5242916e-07,0,Stable,Stable
38.10832025,24.67612909,42.5482161,45.83812903,0.183803746,,0,0,1.0618139e-05,0,Stable,Stable
40.30076601,22.46687142,35.45786908,20.55000576,0.909510763,,0,0,0.00020195472,0,Stable,Stable
15.22493123,35.36564021,19.82224763,34.44448418,0.727416792,,0,0,1.2568616e-07,0,Stable,Stable
31.9638691,41.57620109,58.82292415,5.576659276,0.861329353,,0,0,7.026358e-05,0,Stable,Stable
31.56345823,27.85675246,47.17180459,23.84784388,0.682523043,135.9614914,0,0,5.0460467e-06,0,Stable,Stable
41.66140308,34.48985496,32.74448312,46.21463261,0.041160892,,0,0,4.0675494e-07,0,Stable,Stable
14.22921892,23.18538797,55.96705724,21.55922521,0.309032142,,0,0,0.00526601,0,Stable,Stable
19.3323341,24.22451473,47.90141336,10.75408597,0.898234219,,0,0,0.0004532494,0,Stable,Stable
25.20170192,30.24599671,30.81404469,42.90733286,0.621994274,,0,0,3.5780445e-07,0,Stable,Stable
19.05043278,34.29680636,58.87459969,48.42440706,0.107093634,,0,0,1.0402594e-05,0,Stable,Stable
42.8462437,26.41396266,34.81190896,31.52006371,0.45621481,,0,0,9.028742e-07,0,Stable,Stable
9.716179529,27.37675567,49.4030223,48.07875377,0.132400088,,0,0,0.019910216,0,Stable,Stable
35.16440296,29.741708,55.81385036,18.29530473,0.579008724,,0,0,2.8113467e-05,0,Stable,Stable
43.95654465,38.46427597,45.01050075,15.90178141,0.594627483,134.025838,0,0,6.101358e-07,0,Stable,Stable
6.927679454,27.33318758,14.78031421,48.99291905,0.861557039,,1,1,0.999288,0,Failure Risk,Failure Risk
10.89565495,27.46787968,29.2873848,31.33406582,0.203280479,,0,0,3.0109124e-05,0,Stable,Stable
15.74153621,30.30681306,31.18773778,43.78873524,0.752139254,,0,0,7.035497e-07,0,Stable,Stable
11.8267977,33.7263235,12.10340711,10.59611996,0.664068697,,0,0,2.527178e-06,0,Stable,Stable
15.7065873,37.06123966,45.95946738,40.63922745,0.192387023,,0,0,2.6767003e-07,0,Stable,Stable
22.46726516,41.61540912,55.72872682,44.71016801,0.627131413,,0,0,1.3988509e-05,0,Stable,Stable
46.9458533,42.14318021,16.81910818,33.32998139,0.942917112,,0,0,1.0505745e-06,0,Stable,Stable
24.04010439,20.86089924,29.13193302,48.7055753,0.239919653,,0,0,3.2990567e-05,0,Stable,Stable
20.69140529,24.5718562,43.84181488,21.92035285,0.667341425,,0,0,2.2715745e-05,0,Stable,Stable
10.3506358,43.2013131,46.83106447,27.4680027,0.220482125,,0,0,6.7929966e-07,0,Stable,Stable
48.57342416,23.93307654,15.19582176,36.24874755,0.719490978,,0,0,1.6517525e-06,0,Stable,Stable
42.3018451,25.67117739,32.17599402,6.456903649,0.928016145,205.6915937,0,0,4.489673e-05,0,Stable,Stable
7.348327601,39.36787445,11.31674097,5.157054763,0.48511722,,0,0,8.837298e-07,0,Stable,Stable
38.64994872,23.88324918,51.34330198,25.76990861,0.529714583,,0,0,3.509015e-05,0,Stable,Stable
23.29422412,32.24182664,41.82077927,17.00030536,0.112425219,,0,0,9.4830106e-08,0,Stable,Stable
45.19124233,27.10526467,40.94450585,25.62543579,0.511508827,,0,0,3.258008e-07,0,Stable,Stable
20.44702207,30.85708796,58.52324606,32.58438738,0.796042333,,0,0,0.00013290043,0,Stable,Stable
46.19628444,22.26299745,52.16041892,15.97355462,0.184584667,,0,0,1.3445686e-05,0,Stable,Stable
22.78798075,32.46853199,13.80291882,31.30040219,0.142891353,,0,0,3.731443e-08,0,Stable,Stable
30.28541464,29.44522751,34.41747045,6.376600753,0.498396522,,0,0,2.2956577e-07,0,Stable,Stable
19.38512621,20.87194582,17.66274812,15.76199415,0.322444374,,0,0,4.3864598e-06,0,Stable,Stable
21.96472231,30.31009392,47.31231396,43.94892402,0.803440774,,0,0,7.1955947e-06,0,Stable,Stable
39.63200681,37.83817582,15.90100377,38.89945794,0.948296524,,0,0,3.2133592e-06,0,Stable,Stable
9.360147252,44.22371229,38.96736864,33.09235028,0.429957728,,0,0,2.4841066e-07,0,Stable,Stable
47.23099082,41.04401021,21.11633456,6.514844188,0.679531339,,0,0,1.7854441e-07,0,Stable,Stable
18.66643111,20.48639657,23.47847159,38.70477881,0.304674861,,0,0,9.691151e-06,0,Stable,Stable
33.19264883,29.31129109,38.16815565,13.47921012,0.842788215,,0,0,2.9786022e-06,0,Stable,Stable
48.85396491,30.27280733,51.86890147,20.72116128,0.439675372,,0,0,7.380531e-07,0,Stable,Stable
8.19530511,44.63780726,28.81430876,20.04098312,0.927444781,126.0328372,0,0,0.0004362822,0,Stable,Stable
15.47286088,38.97797739,59.08236183,46.93328511,0.581517431,140.3881601,0,0,5.3130225e-05,0,Stable,Stable
23.93420935,27.34946577,38.95974702,39.13558676,0.020118179,,0,0,5.4356525e-07,0,Stable,Stable
40.27663756,43.12054005,47.69046545,44.57720862,0.226121971,98.81666965,0,0,4.390857e-07,0,Stable,Stable
35.6614509,28.34002948,27.8870336,6.846810841,0.210285691,,0,0,1.6147258e-07,0,Stable,Stable
40.87665615,29.16377345,50.07623146,43.98780111,0.021325716,,0,0,1.5641119e-06,0,Stable,Stable
37.29750146,42.03477497,53.59161795,27.85384933,0.108066264,,0,0,2.1438798e-07,0,Stable,Stable
18.34957293,36.16479209,57.43035653,34.49430928,0.874221735,,0,0,9.367816e-05,0,Stable,Stable
12.32809589,21.60753827,33.02322312,7.226084065,0.160430963,,0,0,0.0002753681,0,Stable,Stable
48.60057727,31.28820537,35.10765094,16.0138602,0.916367967,,0,0,7.535704e-06,0,Stable,Stable
10.52330246,36.42366848,47.10830136,19.15504049,0.678489028,,0,0,0.00022675152,0,Stable,Stable
17.00165438,35.13946693,57.16335944,44.41220814,0.842128439,119.2570947,0,0,3.0287618e-05,0,Stable,Stable
18.26104934,23.35583326,50.8207692,46.77911156,0.287467876,,0,0,3.8807637e-05,0,Stable,Stable
5.415904156,32.89960216,46.47992291,25.08086128,0.962457305,,1,1,0.9999993,0,Failure Risk,Failure Risk
45.85507702,35.23115776,55.53803429,23.183717,0.054616262,132.8948055,0,0,2.0632076e-06,0,Stable,Stable
14.97241347,22.01401999,39.86952895,46.59332436,0.469319208,,0,0,0.00058156764,0,Stable,Stable
48.73575572,32.59745511,28.1224732,44.85975761,0.71694279,,0,0,5.476869e-07,0,Stable,Stable
43.61061459,27.08614649,41.40717379,37.80038719,0.031647692,,0,0,4.817641e-07,0,Stable,Stable
29.69565406,39.83610107,11.42642545,28.91280394,0.142320441,,0,0,2.7730048e-08,0,Stable,Stable
6.369004148,32.9743464,31.96744385,27.72339124,0.247315996,,1,1,0.5839391,0,Failure Risk,Failure Risk
19.82242949,33.68845168,51.79211826,40.03625623,0.316417519,,0,0,7.244428e-07,0,Stable,Stable
35.96784965,24.10851503,37.27314505,22.20732537,0.534798433,,0,0,4.452066e-06,0,Stable,Stable
16.56359843,44.69928053,33.67477677,38.82437081,0.230701633,,0,0,6.511918e-08,0,Stable,Stable
33.74326653,26.30117149,30.75448513,48.07914119,0.238493276,,0,0,2.8771265e-06,0,Stable,Stable
40.16706095,44.49850596,58.68361991,18.54489415,0.241751185,,0,0,2.763562e-06,0,Stable,Stable
13.8049833,37.73155234,15.22056074,42.21895449,0.722555058,186.8305018,0,0,2.7115527e-07,0,Stable,Stable
19.57710047,21.33068212,54.45282085,19.92200139,0.117689993,,0,0,5.0781917e-05,0,Stable,Stable
48.7631517,22.41799584,36.36656024,16.01745522,0.570244291,106.1496354,0,0,1.1650683e-05,0,Stable,Stable
10.58435942,25.43732957,21.16948342,25.78063943,0.278916659,,0,0,0.0001547675,0,Stable,Stable
41.87001885,35.39547249,35.10094365,39.00286716,0.52408526,181.2341198,0,0,8.176597e-08,0,Stable,Stable
16.25255413,38.95346154,13.98499617,24.59151198,0.22313473,202.9671139,0,0,2.8343772e-08,0,Stable,Stable
40.94051477,27.01461709,23.3419827,31.98121912,0.78687397,,0,0,1.1418056e-06,0,Stable,Stable
24.09695452,32.41152196,59.6317015,47.85232622,0.446299677,,0,0,1.2702272e-05,0,Stable,Stable
8.386592059,28.47026051,58.09683407,30.53363734,0.022332298,,1,1,0.72295684,0,Failure Risk,Failure Risk
29.09866472,44.40674513,11.28401319,18.55204254,0.280334211,,0,0,3.877187e-08,0,Stable,Stable
9.965064822,23.5879916,44.3328693,6.372407214,0.986368171,,1,1,0.99999666,0,Failure Risk,Failure Risk
24.22315231,32.55667347,13.32058575,10.46256112,0.316870388,,0,0,6.942817e-08,0,Stable,Stable
22.5297124,29.9537321,59.06099694,23.92048996,0.301241382,147.8649172,0,0,4.44329e-06,0,Stable,Stable
38.80167655,21.56739097,47.06069049,15.76471935,0.248568837,,0,0,1.08361655e-05,0,Stable,Stable
39.45259778,42.23536975,31.22867846,31.40887664,0.034623558,,0,0,4.1774165e-08,0,Stable,Stable
18.75917692,21.38951586,58.85509314,35.7634823,0.450574694,,0,0,0.00022810877,0,Stable,Stable
26.22176025,27.19726935,44.85602737,19.97652219,0.511126235,,0,0,8.571475e-07,0,Stable,Stable
23.6966939,30.96143201,22.40834507,10.8587157,0.13446331,,0,0,8.2289624e-08,0,Stable,Stable
14.27741801,21.40415411,24.25187125,44.11043643,0.997949337,,0,0,0.0071132267,0,Stable,Stable
42.47793918,28.21247299,19.90538323,40.54786873,0.464175765,,0,0,1.7699655e-07,0,Stable,Stable
37.127422,27.60741754,59.06839874,45.65003287,0.095969098,,0,0,4.5746932e-05,0,Stable,Stable
35.70827729,38.84512155,19.58651684,18.50851769,0.669368126,,0,0,7.855052e-08,0,Stable,Stable
29.82878973,44.35759351,35.70425374,7.97410578,0.496733655,,0,0,1.04882304e-07,0,Stable,Stable
46.89628683,27.70644974,51.47890964,49.92301236,0.784170009,,0,0,4.9515627e-05,0,Stable,Stable
17.95500182,40.47048467,52.28576619,39.45924608,0.480286868,,0,0,3.611032e-07,0,Stable,Stable
6.243339011,44.04582916,46.14247533,37.96083643,0.169003217,,0,0,0.003733976,0,Stable,Stable
28.67642419,39.99645554,49.27216145,6.581248713,0.174928704,,0,0,1.9280708e-07,0,Stable,Stable
38.21863538,21.52584296,32.99226062,48.97426087,0.58502468,,0,0,6.0537568e-05,0,Stable,Stable
17.20496842,44.86528785,36.3869445,45.67511048,0.229806089,,0,0,4.7386015e-07,0,Stable,Stable
33.78207868,29.41400829,20.54421768,40.3486384,0.137261215,,0,0,1.3719051e-07,0,Stable,Stable
37.5886601,37.05192045,26.87689728,38.54223303,0.479364795,,0,0,6.839195e-08,0,Stable,Stable
48.28873414,22.28120067,36.33644722,10.08622626,0.531023694,,0,0,1.1345157e-05,0,Stable,Stable
37.18241305,37.08072628,28.96042807,28.17073825,0.693244992,,0,0,8.460321e-08,0,Stable,Stable
7.457969142,39.23326472,47.70538478,43.5300083,0.478665864,,0,0,0.011988709,0,Stable,Stable
40.0393468,33.68492869,15.13280729,7.196952486,0.993888647,,0,0,1.0075315e-05,0,Stable,Stable
22.65601822,29.17700934,46.65356851,31.79670955,0.405018937,,0,0,6.148942e-07,0,Stable,Stable
33.08127967,32.01397812,10.73246743,25.92199082,0.419324237,,0,0,3.8154827e-08,0,Stable,Stable
16.61197523,27.58652462,21.66507769,7.789859479,0.00217227,,0,0,2.0736714e-07,0,Stable,Stable
26.96944902,39.6397021,25.04391589,41.75092298,0.243905091,,0,0,7.591888e-08,0,Stable,Stable
13.39510605,22.49668382,46.24147628,9.64361298,0.265708621,,0,0,0.00012513403,0,Stable,Stable
21.68618889,40.42251487,32.04484618,34.54430574,0.067665006,,0,0,2.685188e-08,0,Stable,Stable
42.72520193,41.26566612,38.9783248,7.795903334,0.693816978,,0,0,2.7989742e-07,0,Stable,Stable
39.92584877,32.40694148,59.49721439,21.46361388,0.520659483,,0,0,6.3499806e-06,0,Stable,Stable
34.00151117,28.89893633,12.16637389,14.11463204,0.945353564,,0,0,1.1882769e-05,0,Stable,Stable
7.492061037,30.61191255,54.11831724,38.70030405,0.054170956,,1,1,0.65525544,0,Failure Risk,Failure Risk
5.944234833,42.37415947,22.5077706,7.577430388,0.658454584,,0,0,0.026960237,0,Stable,Stable
12.45484254,29.55364917,43.98361851,39.43062415,0.831095143,,0,0,0.05389789,0,Stable,Stable
17.62655972,42.96682931,48.68422815,14.3286757,0.427729754,,0,0,2.1100865e-07,0,Stable,Stable
15.83082092,29.17504355,22.25236406,41.82431992,0.446173014,,0,0,2.2112715e-07,0,Stable,Stable
15.53759088,36.30422818,58.34473532,22.25187527,0.913690174,,0,0,0.0037213764,0,Stable,Stable
15.01716364,23.28062379,21.79214995,31.51181888,0.770227128,134.2642842,0,0,0.00010016004,0,Stable,Stable
41.99651958,40.01780148,31.54438093,21.25704744,0.191217055,,0,0,3.8985736e-08,0,Stable,Stable
48.9732308,36.27814362,32.11594282,5.4983652,0.396835052,,0,0,7.197952e-08,0,Stable,Stable
18.88734567,21.94463001,22.94780462,27.45881112,0.033136206,,0,0,1.7102853e-06,0,Stable,Stable
38.11762408,22.23298803,23.21772113,29.60300465,0.16071502,,0,0,1.9119407e-06,0,Stable,Stable
28.81285039,26.44226312,12.28057409,22.23414208,0.684249919,,0,0,7.222809e-07,0,Stable,Stable
12.56634887,24.82234359,42.88893035,26.94748384,0.98704667,206.80249,1,1,0.99872464,0,Failure Risk,Failure Risk
29.25900523,31.77835796,26.24784139,43.94932622,0.828257387,,0,0,5.3223596e-07,0,Stable,Stable
38.01812053,27.69853149,46.40541952,26.32518678,0.047103515,,0,0,4.800246e-07,0,Stable,Stable
48.74220341,40.7560882,45.47134516,13.36941498,0.624369057,,0,0,8.1402607e-07,0,Stable,Stable
8.118169226,37.84232618,29.17127774,17.15153859,0.724553618,,0,0,0.002207642,0,Stable,Stable
12.37161486,34.14742408,47.94795306,40.26123522,0.069941208,,0,0,1.9229947e-06,0,Stable,Stable
48.46775923,38.74906804,48.23723271,6.844744133,0.029786317,,0,0,1.5928832e-07,0,Stable,Stable
44.50246716,38.10570593,58.56763375,8.950578157,0.880312197,190.5666849,0,0,0.00011141049,0,Stable,Stable
34.34065769,20.67166305,19.05675048,38.57220114,0.157810675,,0,0,6.4345077e-06,0,Stable,Stable
14.53815906,38.0452449,24.37046942,40.65506136,0.132694188,,0,0,1.2446057e-07,0,Stable,Stable
41.63949043,28.24097061,35.21684207,13.92155855,0.749964119,,0,0,1.7547283e-06,0,Stable,Stable
43.77039279,36.33495669,56.6358382,33.28157157,0.38479654,,0,0,3.25289e-06,0,Stable,Stable
16.32850089,32.09483083,34.95089169,11.4464842,0.633947044,,0,0,3.111646e-07,0,Stable,Stable
17.59683297,36.81720349,33.84779589,47.71266498,0.12972538,,0,0,3.8905029e-07,0,Stable,Stable
46.22679621,31.81424774,15.93355771,44.92991596,0.551352211,,0,0,2.976939e-07,0,Stable,Stable
41.33802183,35.907821,24.05799374,15.19116458,0.597718587,,0,0,1.5106234e-07,0,Stable,Stable
14.37726556,27.88997088,55.68585719,19.24230389,0.810197952,241.9745907,0,0,0.015275287,0,Stable,Stable
12.31701838,35.24481443,58.586648,42.03132757,0.665278673,,0,0,0.0012052481,0,Stable,Stable
44.49511705,22.54030379,18.36134285,19.53464895,0.893016335,,0,0,2.5124393e-05,0,Stable,Stable
40.91995317,21.70515587,19.24432485,24.74565284,0.964491892,,0,0,0.0003091036,0,Stable,Stable
24.51301641,21.84126087,46.27500677,31.77983202,0.088020131,,0,0,9.802702e-06,0,Stable,Stable
44.98481222,39.17707218,54.65544383,23.82540405,0.555775322,,0,0,4.073682e-06,0,Stable,Stable
27.53307078,40.84770935,49.0103129,11.61265478,0.116764611,112.6190275,0,0,1.6504409e-07,0,Stable,Stable
29.03854513,27.25501239,13.84391066,19.88063535,0.249042286,133.2290081,0,0,1.3097454e-07,0,Stable,Stable
46.67033379,21.8415268,23.69814597,31.4084213,0.918271433,,0,0,0.00013633605,0,Stable,Stable
30.08832191,42.54113558,11.51968969,31.22784239,0.45754255,,0,0,3.792982e-08,0,Stable,Stable
48.14539898,33.81299451,17.01259708,8.688376649,0.910320438,,0,0,3.0572073e-06,0,Stable,Stable
47.14008903,35.25967951,24.14567449,45.15594722,0.999075955,,0,0,6.9712523e-06,0,Stable,Stable
37.22607784,29.65119416,41.77882687,26.48097696,0.090563327,,0,0,8.775806e-08,0,Stable,Stable
7.085897125,24.32841978,15.92649721,5.091110194,0.545511445,,1,1,0.99781126,0,Failure Risk,Failure Risk
33.16362787,21.02083863,54.43278812,27.82693218,0.612559246,,0,0,0.0006667506,0,Stable,Stable
6.605348736,40.77087864,37.06581908,12.03741493,0.613693837,,0,0,0.31688064,0,Stable,Stable
24.21347897,32.69507212,58.44819715,11.91954875,0.374719957,,0,0,3.6606327e-06,0,Stable,Stable
8.292879445,37.13820038,36.67001603,31.24803335,0.007563415,,0,0,1.130247e-06,0,Stable,Stable
16.6721618,32.31738954,47.16934618,41.28166675,0.110571051,,0,0,3.6334134e-07,0,Stable,Stable
42.66227112,22.66715961,39.83594262,7.206326878,0.204231506,,0,0,3.604351e-06,0,Stable,Stable
41.32308966,27.08122656,25.52402369,49.4921935,0.774009225,,0,0,3.1358102e-06,0,Stable,Stable
13.59703223,23.18675887,13.80838846,40.0160698,0.320491055,,0,0,9.585667e-06,0,Stable,Stable
20.080592,41.023713,42.63976013,38.53128031,0.669001666,,0,0,2.384249e-07,0,Stable,Stable
41.38637762,44.0514612,11.60625741,25.63756589,0.950186972,,0,0,3.8326343e-06,0,Stable,Stable
16.86085197,20.69481975,39.08068599,48.28493022,0.374485267,,0,0,6.2438456e-05,0,Stable,Stable
32.64895842,43.85218383,34.27360751,45.5051517,0.269052888,,0,0,4.5484802e-07,0,Stable,Stable
34.64499553,30.23155707,17.12303731,19.12237277,0.949678865,,0,0,8.579542e-06,0,Stable,Stable
40.45391238,40.82165031,44.86030469,8.00837391,0.245661057,,0,0,9.277058e-08,0,Stable,Stable
30.00356407,37.82026893,29.01576856,12.86563443,0.996862672,,0,0,9.36442e-06,0,Stable,Stable
20.96606387,28.09092938,41.0040259,10.79272182,0.661316248,,0,0,9.041615e-07,0,Stable,Stable
20.13532873,37.09061725,36.68617075,47.72724689,0.417309401,,0,0,6.051291e-07,0,Stable,Stable
35.25014212,37.08747886,30.85983189,35.60267872,0.226614506,,0,0,2.9192229e-08,0,Stable,Stable
29.27766157,24.23931141,59.70275937,14.58549586,0.33907143,,0,0,0.00012873554,0,Stable,Stable
47.20176344,24.56255558,30.26945059,45.94130232,0.197495725,,0,0,4.4867015e-06,0,Stable,Stable
9.475771885,39.67175673,44.92444627,24.51453578,0.48892021,,0,0,1.8713306e-06,0,Stable,Stable
15.18488779,26.87397776,49.04910684,47.80007229,0.646537574,,0,0,4.1258605e-05,0,Stable,Stable
34.69659329,39.3892037,27.16854684,13.30854327,0.74372363,,0,0,2.91848e-07,0,Stable,Stable
33.09912172,22.44257419,25.85676624,41.0839958,0.597014751,,0,0,8.987104e-06,0,Stable,Stable
29.17436807,24.39601763,49.06440707,25.65125702,0.637354857,,0,0,3.9663737e-05,0,Stable,Stable
18.59219895,29.70682477,50.6651726,21.12880079,0.448934284,,0,0,5.6883334e-07,0,Stable,Stable
34.19300671,43.44349959,28.89338707,15.23157952,0.142219654,,0,0,6.73229e-08,0,Stable,Stable
24.89693512,30.36719274,23.02615987,45.12947636,0.161727757,160.8471248,0,0,3.512468e-07,0,Stable,Stable
10.82869745,23.74214168,28.07702077,33.17164017,0.118304674,,0,0,0.00028808686,0,Stable,Stable
27.94433253,25.25294216,20.47728688,15.84631664,0.869874647,,0,0,8.75885e-06,0,Stable,Stable
38.80362364,21.07239774,14.40993267,21.25894666,0.829341274,,0,0,2.6444704e-05,0,Stable,Stable
31.96290358,37.77141684,32.56158493,9.724609348,0.536119627,,0,0,1.1859937e-07,0,Stable,Stable
15.61890097,35.01164533,23.2355282,13.80333419,0.153976575,,0,0,9.224759e-08,0,Stable,Stable
13.52064756,24.88756475,45.44147219,31.22325191,0.056973427,,0,0,3.3847242e-05,0,Stable,Stable
47.24974918,43.63858905,34.32167293,48.04529559,0.104828675,,0,0,4.3609768e-07,0,Stable,Stable
30.37178663,34.072923,54.80833447,25.97033969,0.181193007,,0,0,2.1460614e-06,0,Stable,Stable
22.60745849,31.50179985,23.32312159,26.86043337,0.56763494,,0,0,7.597145e-08,0,Stable,Stable
28.68861247,27.14669589,10.63382088,49.92560516,0.413283327,,0,0,1.0792043e-06,0,Stable,Stable
35.85544864,36.53507481,18.7954683,34.37055269,0.00937821,,0,0,2.2847999e-08,0,Stable,Stable
37.80651843,20.82156814,54.78135656,29.89128755,0.432430643,107.7324716,0,0,0.00012397509,0,Stable,Stable
11.82145604,35.24050709,32.04893139,24.43867855,0.039861973,,0,0,9.0329216e-08,0,Stable,Stable
11.67357807,32.27958001,45.35803104,18.72199373,0.157250923,,0,0,2.6418827e-06,0,Stable,Stable
9.450087799,26.70870168,59.60747113,48.04390098,0.526948373,,1,1,0.99987996,0,Failure Risk,Failure Risk
5.373717851,36.31145371,34.77248213,12.28228715,0.106148748,,0,0,0.19214979,0,Stable,Stable
16.73758233,34.01744544,40.48518424,18.98699584,0.124851877,,0,0,7.232867e-08,0,Stable,Stable
17.93209619,39.6008309,35.70927475,31.18611419,0.63263042,,0,0,8.8160036e-08,0,Stable,Stable
14.77658302,33.83822405,44.55286821,49.86328308,0.760134605,,0,0,1.3854247e-05,0,Stable,Stable
16.95858693,41.98803981,52.86994322,43.45164929,0.433351174,,0,0,4.026588e-07,0,Stable,Stable
19.72658182,25.62031204,14.27605464,14.40579177,0.051758853,,0,0,3.7245144e-07,0,Stable,Stable
18.76111621,36.10236734,24.97275531,25.93060064,0.884039225,,0,0,5.037691e-07,0,Stable,Stable
47.92576997,29.56087712,45.70868725,38.52886688,0.903602686,,0,0,5.3925138e-05,0,Stable,Stable
23.76719277,20.84325269,45.42662634,18.19897864,0.492467836,198.2027034,0,0,2.9595962e-05,0,Stable,Stable
22.12547598,21.44251174,14.38306082,49.99206876,0.684209013,,0,0,3.1594605e-05,0,Stable,Stable
35.0570181,44.60441607,25.98703033,16.71163432,0.391250982,,0,0,6.4242414e-08,0,Stable,Stable
36.69906297,32.4828787,43.95513809,15.01417972,0.508870895,123.2980529,0,0,2.794328e-07,0,Stable,Stable
6.005605479,28.7580468,38.60080707,32.17567419,0.387845514,,1,1,0.9999709,0,Failure Risk,Failure Risk
28.28594991,32.71297579,51.52589139,48.91530055,0.048004035,,0,0,1.8866067e-06,0,Stable,Stable
30.82382483,31.95680162,27.94168809,39.96706888,0.978252213,,0,0,3.341256e-06,0,Stable,Stable
18.81870859,35.5028503,31.25747568,45.8140556,0.881780001,,0,0,1.5515641e-06,0,Stable,Stable
40.87578088,38.04549343,11.82133563,29.51456594,0.52728139,,0,0,4.424788e-08,0,Stable,Stable
27.29791298,44.55225794,14.428883,47.82287345,0.648161017,,0,0,2.8158817e-07,0,Stable,Stable
44.3719996,33.00156438,34.28770015,49.53803685,0.512447159,,0,0,6.521177e-07,0,Stable,Stable
25.87759438,20.80278656,28.79575966,34.50789759,0.683634349,,0,0,2.7831666e-05,0,Stable,Stable
19.65401496,35.01495956,57.26499522,31.27176307,0.970053857,,0,0,0.00012036317,0,Stable,Stable
5.744275218,22.73841512,15.54620196,11.80108667,0.77392144,,1,1,0.9997359,0,Failure Risk,Failure Risk
21.87340471,35.27379424,10.00337488,18.56748991,0.618063836,,0,0,7.157538e-08,0,Stable,Stable
14.47079977,28.68220897,42.33428637,32.31431035,0.499496154,,0,0,9.72802e-07,0,Stable,Stable
7.093332336,37.02727599,23.20510272,40.7378592,0.620731495,,0,0,0.004852057,0,Stable,Stable
47.23649862,39.47184121,15.93279353,32.14818626,0.813068303,,0,0,1.5883855e-07,0,Stable,Stable
25.78913715,29.71298601,25.7618128,14.48071195,0.1455496,,0,0,1.1337615e-07,0,Stable,Stable
47.86636916,31.16392893,16.6483024,17.33684044,0.150750696,,0,0,6.628004e-08,0,Stable,Stable
13.00092524,38.17415861,33.17883136,19.37531758,0.734307061,,0,0,1.493178e-06,0,Stable,Stable
37.72590438,20.07450327,17.56967321,13.31348607,0.130187774,,0,0,3.5832766e-06,0,Stable,Stable
25.03756026,25.45169089,46.00933398,26.7720621,0.237560631,,0,0,5.6836493e-06,0,Stable,Stable
43.37315356,25.74491138,46.52284677,11.51665496,0.983597495,,0,0,0.0007575412,0,Stable,Stable
24.70097891,26.2582111,17.88703079,48.08810694,0.394493944,,0,0,1.5693954e-06,0,Stable,Stable
14.02292856,24.65125082,29.19649942,19.31270317,0.287850468,,0,0,6.369194e-06,0,Stable,Stable
37.25211243,41.21663279,35.252401,46.08345691,0.43677715,,0,0,3.9757168e-07,0,Stable,Stable
48.61024389,21.08383035,21.99215744,35.2420166,0.802374697,,0,0,5.4010106e-05,0,Stable,Stable
40.07013194,26.03707591,15.77010348,17.49232126,0.515523543,,0,0,4.7590447e-07,0,Stable,Stable
46.49541962,34.26937545,26.37206167,31.00064276,0.859387588,,0,0,5.9475286e-07,0,Stable,Stable
49.3688443,20.51306279,44.04691901,14.8700139,0.079833417,,0,0,1.2043608e-05,0,Stable,Stable
10.43322587,26.47075775,17.81451405,19.81701817,0.391646046,,0,0,1.7733984e-05,0,Stable,Stable
5.529429247,35.38721048,40.45918978,10.22608346,0.660401999,91.04945229,1,1,0.9999658,0,Failure Risk,Failure Risk
45.90684236,39.78827678,52.00495078,6.125313665,0.532315415,,0,0,8.069383e-07,0,Stable,Stable
25.03938282,38.92123164,31.26804357,32.72177769,0.434075498,,0,0,4.4783036e-08,0,Stable,Stable
7.93117574,32.63986004,43.88762301,35.59055811,0.393999406,,1,0,0.22332284,1,Failure Risk,Stable
44.37655391,29.17822724,59.25846655,30.41518077,0.634846409,178.0221657,0,0,9.4706236e-05,0,Stable,Stable
36.0938368,42.61260353,35.41843342,37.35103162,0.000323232,,0,0,5.5926886e-08,0,Stable,Stable
17.84559741,30.51765176,49.84343831,6.521397343,0.874733624,,0,0,4.348501e-05,0,Stable,Stable
6.765960922,25.61542291,14.71799541,15.94003717,0.825867594,,1,1,0.9995933,0,Failure Risk,Failure Risk
49.99661721,31.58091839,55.2698657,18.90755222,0.967366058,,0,0,0.00028172796,0,Stable,Stable
32.04936776,27.10693869,22.3943157,39.51470598,0.56317622,,0,0,2.9465784e-07,0,Stable,Stable
17.40359165,40.77115707,26.17125671,8.118884892,0.416127666,,0,0,7.394157e-08,0,Stable,Stable
48.24128442,30.45506961,37.63511111,38.02423644,0.902201725,,0,0,3.489591e-06,0,Stable,Stable
16.61711754,30.94965054,38.05193626,19.04048221,0.332716543,211.4661683,0,0,8.453981e-08,0,Stable,Stable
10.87807851,23.2828109,10.63391885,43.46952872,0.480175962,,0,0,0.0011717366,0,Stable,Stable
34.51254744,37.69479818,52.09130841,31.64543238,0.695035442,,0,0,1.0614874e-06,0,Stable,Stable
31.44027975,43.28449298,29.46301487,32.67742388,0.525309958,146.2403369,0,0,6.3488514e-08,0,Stable,Stable
40.40585191,41.6847318,44.74045357,19.86702488,0.259283571,,0,0,5.9728116e-08,0,Stable,Stable
48.41085004,22.50881785,38.98967303,12.59181401,0.698835963,,0,0,2.8484481e-05,0,Stable,Stable
44.51973396,23.93535501,36.59572123,18.23483438,0.85247994,,0,0,6.052008e-05,0,Stable,Stable
15.39348567,40.88117372,27.33821028,43.16136154,0.464229993,,0,0,1.2519818e-07,0,Stable,Stable
33.53227287,44.45392189,17.71073742,47.6411721,0.667436463,,0,0,2.8330535e-07,0,Stable,Stable
27.2719546,21.54679402,27.02683058,38.44929626,0.35670077,,0,0,6.099402e-06,0,Stable,Stable
30.84928174,37.6742045,44.48778808,30.73804127,0.615175797,,0,0,2.8120522e-07,0,Stable,Stable
12.63308419,44.39276416,19.14462424,17.4956859,0.044042936,,0,0,8.986404e-08,0,Stable,Stable
16.92082371,38.48890938,22.27291392,26.14712602,0.198746232,,0,0,3.3801243e-08,0,Stable,Stable
23.74843326,27.33320833,38.88931516,14.7374153,0.82877361,,0,0,3.2554938e-06,0,Stable,Stable
21.84465041,34.74160766,55.93734674,29.27083108,0.300649094,,0,0,2.2961183e-06,0,Stable,Stable
49.84704104,36.9713611,12.25100747,31.60434334,0.576794944,,0,0,5.0831368e-08,0,Stable,Stable
26.06156118,34.70921896,53.41814105,8.107663053,0.65549465,,0,0,2.0509622e-06,0,Stable,Stable
5.758829154,21.77327671,24.5648379,14.93040188,0.152395627,,1,1,0.9996972,0,Failure Risk,Failure Risk
43.10153255,30.84819224,42.06146379,17.69567072,0.643732959,,0,0,4.6276355e-07,0,Stable,Stable
47.89815784,26.9245065,41.75685241,21.8014722,0.503491576,,0,0,3.7682238e-07,0,Stable,Stable
15.75615366,40.91190952,22.34577434,23.91771033,0.243033554,,0,0,3.1880344e-08,0,Stable,Stable
19.6077759,20.77871087,33.32747043,36.94086603,0.827225743,,0,0,8.131971e-05,0,Stable,Stable
14.393414,25.43873575,35.32356054,14.75775119,0.952238529,,0,0,0.0052853837,0,Stable,Stable
49.03225091,30.32148177,26.63025746,48.43476395,0.994687885,231.5079743,0,0,9.175769e-06,0,Stable,Stable
48.70484555,35.99220255,20.21273622,41.97330458,0.054874731,,0,0,5.1352924e-08,0,Stable,Stable
11.65796324,32.38650333,32.24738011,45.08594758,0.351791024,,0,0,1.25253e-05,0,Stable,Stable
27.62796698,38.1630868,29.92058309,9.758139388,0.357769311,,0,0,7.127145e-08,0,Stable,Stable
37.20531996,24.68932895,58.20554764,7.852471316,0.180765015,,0,0,8.0117876e-05,0,Stable,Stable
39.57114999,35.23390935,20.85949354,29.65391375,0.718776525,,0,0,7.6147714e-08,0,Stable,Stable
21.73321862,32.83444958,39.85661158,36.95165683,0.45130155,,0,0,1.1543404e-07,0,Stable,Stable
15.91731576,21.16979627,13.58454401,44.06397933,0.509276573,,0,0,5.327059e-06,0,Stable,Stable
48.17990364,40.05081828,11.51656363,25.86651774,0.082468633,,0,0,3.492946e-08,0,Stable,Stable
13.51569211,26.05941149,28.8098136,25.58205926,0.637279239,,0,0,2.2164704e-06,0,Stable,Stable
23.42043337,32.47473666,35.30731262,13.38069258,0.402925347,,0,0,9.257808e-08,0,Stable,Stable
14.19191412,38.81635003,46.90016415,20.59013699,0.280619531,,0,0,2.2650275e-07,0,Stable,Stable
31.60197521,22.77916253,42.88297554,15.32787537,0.598284744,,0,0,2.9109384e-05,0,Stable,Stable
26.83639646,35.78114302,21.58058402,39.54299908,0.661115759,,0,0,1.02277966e-07,0,Stable,Stable
37.48657865,35.0038162,46.62618736,7.842122774,0.39366376,,0,0,1.879838e-07,0,Stable,Stable
24.50151269,25.82480131,24.30019084,37.99097108,0.249700515,,0,0,5.0626585e-07,0,Stable,Stable
5.159704634,23.55317592,49.53906344,30.3413391,0.473974699,,1,1,0.9999989,0,Failure Risk,Failure Risk
27.54485765,25.92229233,41.61200919,15.77092708,0.430247827,,0,0,1.024086e-06,0,Stable,Stable
17.9245657,26.38493435,12.98111186,19.08690179,0.331952094,157.5683655,0,0,3.4208233e-07,0,Stable,Stable
14.49361804,43.72149125,41.99946125,29.22988019,0.426935998,,0,0,9.766675e-08,0,Stable,Stable
49.37811402,44.25384906,54.85639178,18.77366794,0.125782,,0,0,1.7633761e-06,0,Stable,Stable
31.4971202,44.16694386,46.70779374,28.87571554,0.483439219,,0,0,1.5106076e-07,0,Stable,Stable
47.27451303,24.96881193,11.98767866,13.40567812,0.536690793,,0,0,6.518211e-07,0,Stable,Stable
15.29862241,24.97279478,35.65883343,13.12114379,0.248747066,,0,0,6.0046227e-06,0,Stable,Stable
27.08632623,27.18313499,58.48184095,18.23648882,0.876782551,,0,0,0.0009887052,0,Stable,Stable
9.178676282,23.60911397,55.51236876,39.43985328,0.422105576,,1,1,0.99996126,0,Failure Risk,Failure Risk
28.70460083,42.82204363,38.9484832,24.83635882,0.429231113,150.9530594,0,0,5.432957e-08,0,Stable,Stable
16.65493045,28.57112767,13.42238469,28.80102798,0.188689727,,0,0,7.1273625e-08,0,Stable,Stable
28.26717596,38.01710626,11.75671016,7.222643428,0.5572275,,0,0,8.147765e-08,0,Stable,Stable
20.23636874,42.31872511,53.76387814,39.1454754,0.610102615,,0,0,1.0918226e-06,0,Stable,Stable
30.37514508,28.9718183,23.21382272,44.89332072,0.292025316,,0,0,7.9036005e-07,0,Stable,Stable
45.64430006,23.65025918,32.01626991,22.47241909,0.677704651,,0,0,9.206395e-06,0,Stable,Stable
27.19689953,32.94291666,30.74864882,49.23059343,0.026252149,,0,0,5.024377e-07,0,Stable,Stable
17.04416731,43.58763959,13.751138,23.16018272,0.748734693,,0,0,1.17466186e-07,0,Stable,Stable
47.94556782,30.01838138,13.59904658,12.45341844,0.246986575,226.5600162,0,0,8.2067054e-08,0,Stable,Stable
44.33206615,36.33608647,56.83614935,15.93662632,0.083860637,,0,0,2.320724e-06,0,Stable,Stable
14.62275003,21.96278046,16.14310983,41.63821909,0.404074947,,0,0,1.798966e-05,0,Stable,Stable
9.714121679,35.66724756,51.13188735,12.44488962,0.86356373,,1,1,0.9481683,0,Failure Risk,Failure Risk
48.6525812,25.12218072,22.79520214,22.42558654,0.575407239,,0,0,8.2657306e-07,0,Stable,Stable
48.72427721,21.08805222,18.26445015,17.97500555,0.220714627,,0,0,4.0845234e-06,0,Stable,Stable
19.26899543,44.28510383,22.2731629,40.4724399,0.470360947,,0,0,6.392559e-08,0,Stable,Stable
39.07875179,22.58783173,10.74060667,45.37075357,0.068465406,,0,0,3.3251397e-06,0,Stable,Stable
29.36627723,36.30355154,41.07846133,34.41150972,0.508130594,,0,0,5.902123e-08,0,Stable,Stable
46.19825279,43.29948049,50.39593508,49.00278444,0.43461425,,0,0,8.2641463e-07,0,Stable,Stable
8.486860885,20.00767688,20.76647025,31.9578131,0.910410423,,1,1,0.9999429,0,Failure Risk,Failure Risk
41.4176569,43.36552101,43.46250322,47.32693335,0.064052205,,0,0,5.3368143e-07,0,Stable,Stable
12.32862312,24.76073658,48.67469469,48.74567525,0.941312393,,1,1,0.99915266,0,Failure Risk,Failure Risk
38.1236965,33.2701982,48.37842812,11.9572888,0.158318321,109.0806452,0,0,2.2347761e-07,0,Stable,Stable
17.82088804,25.79202414,26.18481758,5.699077834,0.563121002,,0,0,7.9142956e-07,0,Stable,Stable
34.10871008,33.01935597,22.66286347,47.2740984,0.044242457,,0,0,2.9830264e-07,0,Stable,Stable
15.05356452,39.87234374,37.85129563,35.72113821,0.4037327,,0,0,8.154544e-08,0,Stable,Stable
46.98923329,25.95264069,41.76748199,32.25212262,0.967115374,,0,0,7.546494e-05,0,Stable,Stable
45.31256045,35.74502769,29.38791551,43.27534835,0.237323246,,0,0,9.048027e-08,0,Stable,Stable
24.51771782,35.24692818,36.3734195,30.04678458,0.794719206,,0,0,2.4282315e-07,0,Stable,Stable
31.2817396,37.37447397,55.44293424,6.326492162,0.243258197,,0,0,2.1998762e-06,0,Stable,Stable
13.80240483,28.79518052,32.51856245,9.83785021,0.397913151,,0,0,5.3026815e-07,0,Stable,Stable
5.427779109,29.76369117,41.0669655,27.0671184,0.274721378,,1,1,0.9999074,0,Failure Risk,Failure Risk
38.45125627,32.53593401,38.37328304,31.64832456,0.791352352,,0,0,4.2170882e-07,0,Stable,Stable
25.25559227,35.97787821,35.34837812,29.94969094,0.352929476,,0,0,3.8635445e-08,0,Stable,Stable
26.66721553,23.9703974,22.25379307,39.18438133,0.202278497,,0,0,1.0067698e-06,0,Stable,Stable
25.84533368,24.82372481,20.94357147,24.28636758,0.153966636,,0,0,3.9183624e-07,0,Stable,Stable
17.29905614,33.53976946,56.50280973,30.34462805,0.040250281,,0,0,2.6790651e-06,0,Stable,Stable
20.08797427,42.487569,56.70304997,11.91748308,0.546997346,,0,0,6.976673e-06,0,Stable,Stable
39.28123647,23.40884488,23.86610505,46.39676732,0.644798771,,0,0,1.1517608e-05,0,Stable,Stable
31.89591635,22.51165529,32.77542745,6.061052775,0.147551559,,0,0,1.9510899e-06,0,Stable,Stable
8.966958991,38.50432101,28.24237468,5.719214993,0.785633574,,0,0,0.00019058061,0,Stable,Stable
39.17689561,25.75860389,25.16007357,18.89956437,0.33418975,178.5856136,0,0,4.9134434e-07,0,Stable,Stable
44.44185259,24.80957953,10.9678394,23.87170709,0.200666087,,0,0,3.4639336e-07,0,Stable,Stable
10.73393525,44.59820504,14.7662924,46.88178843,0.783751569,,0,0,2.8300772e-06,0,Stable,Stable
25.97856036,37.07454981,10.97676735,23.09605041,0.139172101,,0,0,3.0465202e-08,0,Stable,Stable
35.72767697,29.39966673,50.99011658,31.4472037,0.426019405,,0,0,9.622224e-07,0,Stable,Stable
42.00900395,39.42184781,50.00244584,42.21343387,0.187197944,,0,0,3.731273e-07,0,Stable,Stable
47.53353925,24.77631216,31.38242153,38.90831034,0.582978682,,0,0,3.2003309e-06,0,Stable,Stable
20.05007841,29.80550572,39.69505768,22.252759,0.079228942,,0,0,9.211028e-08,0,Stable,Stable
22.35725207,29.94124646,28.79047347,29.29619867,0.588791041,,0,0,1.4878219e-07,0,Stable,Stable
45.63504883,30.5107239,23.97275777,30.61741942,0.134523759,,0,0,6.136886e-08,0,Stable,Stable
28.20812848,27.77486755,51.57377832,11.35898208,0.586892762,,0,0,1.196131e-05,0,Stable,Stable
21.86835228,25.87184253,11.29691781,40.44287074,0.089803802,,0,0,3.4228137e-07,0,Stable,Stable
26.95809379,36.52043959,33.98077369,20.00803301,0.68315984,,0,0,1.05479536e-07,0,Stable,Stable
16.54396779,23.10841434,48.93755621,26.31103342,0.0908008,,0,0,7.3687056e-06,0,Stable,Stable
13.37037943,20.15713865,26.75498484,42.24780796,0.392227668,,0,0,0.00024109,0,Stable,Stable
35.65193325,34.37923354,47.61261281,38.96782706,0.503997953,,0,0,2.3259568e-07,0,Stable,Stable
48.30251271,39.8303884,39.10835677,15.69602683,0.099669722,,0,0,8.1313395e-08,0,Stable,Stable
11.39481319,41.2321458,21.93872095,6.410758301,0.996905024,,0,0,0.0002615417,0,Stable,Stable
49.20190526,37.92589804,35.61797585,19.89538416,0.166600705,,0,0,4.2261906e-08,0,Stable,Stable
24.29844626,28.2773573,36.73908625,47.91019468,0.911042485,,0,0,1.573381e-05,0,Stable,Stable
37.80964776,36.77158386,33.67133377,41.20160608,0.300493243,,0,0,1.0659209e-07,0,Stable,Stable
28.46276313,40.37498475,58.19363028,22.13137757,0.924281037,,0,0,0.00012361987,0,Stable,Stable
8.860598972,44.41176682,10.67337862,34.90335201,0.318734043,,0,0,6.761915e-08,0,Stable,Stable
46.34837851,43.54106844,30.00614963,26.96163723,0.792494349,,0,0,1.7488195e-07,0,Stable,Stable
43.34628037,40.54678387,46.43057208,20.6509376,0.424405758,,0,0,1.291219e-07,0,Stable,Stable
14.54564294,42.36196562,14.51263808,30.46850707,0.410315754,,0,0,5.2983243e-08,0,Stable,Stable
42.28924595,40.57155461,54.20852099,21.16497531,0.89341629,,0,0,5.2854357e-05,0,Stable,Stable
12.68294343,28.31455726,18.73914712,15.68743737,0.057274267,,0,0,3.5301994e-07,0,Stable,Stable
32.63140393,43.39048391,34.99155763,46.25941314,0.915583984,,0,0,2.3335785e-06,0,Stable,Stable
20.2589426,41.06556544,33.82277116,44.97248737,0.900594812,107.1401896,0,0,2.2072966e-06,0,Stable,Stable
16.30666236,36.99940175,34.61983826,19.30419952,0.068628993,,0,0,4.712903e-08,0,Stable,Stable
26.59923795,29.63212315,22.49547247,11.30365436,0.639657651,,0,0,3.1063595e-07,0,Stable,Stable
11.60571917,27.13770416,27.41806712,23.05938586,0.69926288,,0,0,3.5641257e-05,0,Stable,Stable
47.76460425,29.73402911,52.86006734,44.23424537,0.981681694,,0,0,0.00013166906,0,Stable,Stable
39.08794203,33.9663253,55.23303065,38.85853798,0.837324463,,0,0,2.7498847e-05,0,Stable,Stable
22.55172249,21.85011439,35.94896766,41.61337315,0.934063577,,0,0,0.0002559652,0,Stable,Stable
11.16121066,35.5667896,24.8756623,32.0387148,0.562469928,,0,0,2.0906528e-07,0,Stable,Stable
20.9723884,37.64939438,15.83848454,9.263253572,0.358926496,,0,0,5.74689e-08,0,Stable,Stable
5.964793998,25.99604371,32.77245264,31.39719837,0.973483633,,1,1,0.99999905,0,Failure Risk,Failure Risk
29.58115854,42.21942564,18.62319334,22.1253671,0.108566394,,0,0,4.0131084e-08,0,Stable,Stable
39.27566102,43.7491522,47.3122926,36.28308859,0.819391498,,0,0,1.3207322e-06,0,Stable,Stable
6.709199943,42.57449123,46.46887889,45.43069625,0.12659008,,0,0,0.003284214,0,Stable,Stable
23.89583965,44.64759568,41.92527629,16.37152211,0.741697278,,0,0,4.750293e-07,0,Stable,Stable
21.9107706,35.88147847,47.79014396,10.33381728,0.475321105,,0,0,2.3740704e-07,0,Stable,Stable
15.615539,36.38153156,55.61217355,43.80569373,0.811469319,,0,0,0.00026960328,0,Stable,Stable
34.85499771,29.84245533,29.05935926,23.1302978,0.073665549,,0,0,8.2950855e-08,0,Stable,Stable
13.52103025,30.36243813,29.99654315,35.59807465,0.411005763,,0,0,1.4973118e-07,0,Stable,Stable
31.32949543,36.07733896,24.12486201,23.04259599,0.983075288,,0,0,5.705421e-06,0,Stable,Stable
16.73637922,20.27267488,13.24869712,8.722382047,0.631229485,,0,0,1.482076e-05,0,Stable,Stable
12.41016181,32.52675802,49.34313619,49.60845854,0.103616254,,0,0,2.4761388e-05,0,Stable,Stable
42.79368077,30.76963671,37.41570607,36.99303002,0.907198711,,0,0,3.3945591e-06,0,Stable,Stable
42.66065504,21.49453939,38.41700192,40.17309994,0.372026013,,0,0,1.2010221e-05,0,Stable,Stable
7.959951654,34.15436354,20.68722543,41.76234156,0.404739956,,0,0,4.7303656e-05,0,Stable,Stable
38.16616576,32.02080141,12.1698973,22.25712848,0.560110038,,0,0,6.0241476e-08,0,Stable,Stable
28.14469155,36.27697439,39.0986679,34.45179758,0.555820482,,0,0,7.723704e-08,0,Stable,Stable
39.73514658,37.6930415,42.85884679,32.54828877,0.024501885,,0,0,5.493844e-08,0,Stable,Stable
28.73484705,32.77934622,20.51953701,27.08612125,0.321267637,,0,0,3.700329e-08,0,Stable,Stable
49.90029745,43.18653201,29.65468059,16.45772076,0.604600542,,0,0,1.4877978e-07,0,Stable,Stable
25.2360353,33.55750185,55.23674949,28.95224347,0.62709036,,0,0,1.7047347e-05,0,Stable,Stable
25.03826476,44.2285405,49.44977268,33.32033794,0.222065079,,0,0,1.2541281e-07,0,Stable,Stable
15.6737458,28.95863772,24.67050537,14.30521788,0.507513023,,0,0,1.9169748e-07,0,Stable,Stable
24.82414917,24.23161877,54.26228715,42.15287958,0.541802005,,0,0,0.00015579625,0,Stable,Stable
17.1302762,25.47737057,10.66155354,30.01405405,0.874546115,,0,0,6.7686374e-06,0,Stable,Stable
15.33805944,35.03417942,36.42992061,35.13045777,0.497905078,,0,0,1.10765534e-07,0,Stable,Stable
46.60704457,44.28104582,29.52367369,49.90115398,0.631147409,,0,0,5.551209e-07,0,Stable,Stable
31.30114692,28.23586846,24.13197618,27.87945812,0.575500359,,0,0,1.3295121e-07,0,Stable,Stable
47.84557452,43.15800122,53.38819571,45.87522446,0.747687554,,0,0,2.6468433e-06,0,Stable,Stable
5.157988291,39.08612239,42.42144377,13.55784017,0.501981978,,1,1,0.99395305,0,Failure Risk,Failure Risk
21.84190105,32.56005549,18.98286478,35.42212178,0.024163261,,0,0,3.16121e-08,0,Stable,Stable
41.19320587,31.87228265,42.96664351,9.85736429,0.156796216,,0,0,1.240721e-07,0,Stable,Stable
47.53348609,37.44899278,52.72628221,45.94571933,0.682893557,,0,0,2.439601e-06,0,Stable,Stable
37.95655551,34.00636811,10.11265272,41.72163128,0.114389243,,0,0,6.004635e-08,0,Stable,Stable
20.90967002,22.4061031,50.62120872,39.82326366,0.37335962,,0,0,2.3313663e-05,0,Stable,Stable
26.80127641,25.56895284,55.6544089,14.65406502,0.794261128,,0,0,0.0009380401,0,Stable,Stable
13.39299556,34.92070553,36.57630378,23.89186601,0.79129491,,0,0,9.449064e-07,0,Stable,Stable
36.52148614,37.36893792,46.69488826,34.93009428,0.360435775,,0,0,1.4406608e-07,0,Stable,Stable
5.038416385,31.28328033,21.95419316,44.37901704,0.81105382,,1,1,0.9999652,0,Failure Risk,Failure Risk
35.84024519,36.4783051,44.41179393,9.351067725,0.619855322,,0,0,5.445682e-07,0,Stable,Stable
28.32418018,43.24606234,27.17078686,20.13089576,0.471832942,,0,0,5.7205124e-08,0,Stable,Stable
48.62073265,44.50231785,23.48848586,24.91427332,0.289473519,,0,0,3.8191885e-08,0,Stable,Stable
13.25589143,27.7075276,24.88485824,25.67430064,0.083685863,,0,0,4.0799466e-07,0,Stable,Stable
41.93039225,34.53511926,53.20708379,9.90081659,0.06987481,,0,0,3.407311e-07,0,Stable,Stable
39.29769975,37.99849111,36.10507041,20.89864913,0.347483054,,0,0,4.1370168e-08,0,Stable,Stable
42.96507689,34.94553446,17.47088885,20.09032151,0.782252672,,0,0,1.4663026e-07,0,Stable,Stable
34.06624369,27.66914552,24.35792477,49.41282588,0.120920374,,0,0,1.2606542e-06,0,Stable,Stable
9.659460738,43.59076642,10.90839105,11.70261786,0.800650197,,0,0,5.252219e-06,0,Stable,Stable
30.89484169,29.86902464,21.06386434,16.18203141,0.786091835,,0,0,1.0693099e-06,0,Stable,Stable
37.3040533,20.15055101,18.4116059,47.4954295,0.988846795,,0,0,0.00052920374,0,Stable,Stable
16.97394811,20.37271972,44.18212152,14.30449499,0.874685675,,0,0,0.00037539905,0,Stable,Stable
13.66163455,41.19081746,56.15357678,43.21854261,0.959035625,,0,0,0.003375502,0,Stable,Stable
49.85431632,29.31011408,16.35129486,25.25992671,0.22270163,,0,0,6.007224e-08,0,Stable,Stable
49.3222041,33.80191741,56.28594701,10.45001924,0.252021975,,0,0,3.0315823e-06,0,Stable,Stable
35.28540954,25.75072075,10.61855914,10.56670899,0.85996397,,0,0,4.5295174e-06,0,Stable,Stable
24.23488644,20.57865628,40.92242351,24.70004056,0.38218452,135.3287762,0,0,1.5244447e-05,0,Stable,Stable
15.56075898,42.14657565,40.59090614,23.03559252,0.143066125,,0,0,7.9595836e-08,0,Stable,Stable
22.5822849,44.17789043,48.77086177,26.15167737,0.044479032,,0,0,1.2237486e-07,0,Stable,Stable
15.87520517,24.5323118,17.58132647,43.36160046,0.113238266,,0,0,5.8939725e-07,0,Stable,Stable
37.50049653,34.82537398,12.56775079,21.14754885,0.153511929,,0,0,3.094791e-08,0,Stable,Stable
20.27722618,38.38363305,49.62384239,14.36840911,0.279902542,,0,0,1.8529474e-07,0,Stable,Stable
37.37757448,31.67395746,16.92250734,38.90574976,0.448113896,,0,0,6.171148e-08,0,Stable,Stable
26.96987116,33.15109062,13.91681106,39.75892871,0.798597648,,0,0,2.827744e-07,0,Stable,Stable
43.12442694,43.69143167,57.67989679,22.74282149,0.546640476,,0,0,7.3966567e-06,0,Stable,Stable
45.37229877,41.50831172,47.18701171,7.642495582,0.146652339,,0,0,1.6315784e-07,0,Stable,Stable
20.5511393,29.08007362,15.1326491,11.01626567,0.869893176,,0,0,2.6136029e-06,0,Stable,Stable
6.182814755,38.67067939,17.94304821,9.157771094,0.635331187,,0,0,0.03212729,0,Stable,Stable
39.74686272,27.1151803,24.90184304,44.88041203,0.013751076,,0,0,1.162759e-06,0,Stable,Stable
48.09454135,40.23950301,10.59983395,27.77357062,0.984626413,,0,0,4.57515e-06,0,Stable,Stable
8.33715976,40.94538977,20.91429449,34.09131039,0.908835372,230.6334081,0,0,0.00033350635,0,Stable,Stable
30.20019638,36.85468527,24.34198305,7.481852344,0.30277917,,0,0,6.471046e-08,0,Stable,Stable
35.28276801,29.66120936,18.13166269,38.95624029,0.194327013,,0,0,7.890746e-08,0,Stable,Stable
15.82407889,35.19760311,50.0600705,9.105238463,0.859155844,,0,0,7.0795872e-06,0,Stable,Stable
14.69668923,21.64952258,43.74438408,25.75018234,0.981774178,,1,0,0.037644792,1,Failure Risk,Stable
38.91298463,30.76739842,37.72564698,23.7645311,0.523265342,,0,0,1.3257316e-07,0,Stable,Stable
38.71020106,33.00638962,12.62842294,22.08470072,0.851997625,,0,0,4.851201e-07,0,Stable,Stable
45.04820547,25.57894321,38.46419088,14.61752465,0.791051126,,0,0,1.1515235e-05,0,Stable,Stable
25.23477484,38.49027219,36.20619588,26.4595575,0.313099945,,0,0,4.108919e-08,0,Stable,Stable
45.4222699,40.34346402,10.87388942,11.30529518,0.317075191,,0,0,5.9541915e-08,0,Stable,Stable
36.51378592,27.54393893,46.25379553,40.35259081,0.612493092,,0,0,4.219826e-06,0,Stable,Stable
5.757499394,28.26532773,26.24359405,33.26571888,0.030380215,,1,1,0.9962291,0,Failure Risk,Failure Risk
23.41154398,38.03511033,45.04441181,13.25414576,0.759671388,,0,0,1.8831498e-06,0,Stable,Stable
40.29986939,34.59241457,42.65562687,26.76302077,0.845717662,,0,0,5.2024893e-07,0,Stable,Stable
29.54052428,36.21724461,30.35659124,36.22285248,0.822157085,,0,0,2.379946e-07,0,Stable,Stable
6.304673525,36.68905254,55.92975656,48.48734234,0.194123403,,1,1,0.96079767,0,Failure Risk,Failure Risk
33.67871719,33.16649565,55.80157676,30.90038187,0.35837873,,0,0,3.0668e-06,0,Stable,Stable
7.383780772,26.91412031,33.7594069,10.11482153,0.846283479,,1,1,0.99998915,0,Failure Risk,Failure Risk
14.85800698,32.36375475,10.064794,39.39480419,0.95463076,,0,0,1.2135624e-05,0,Stable,Stable
24.89373577,35.72168988,11.98895987,34.99822942,0.244090547,,0,0,2.1685134e-08,0,Stable,Stable
6.890259534,37.82921908,27.79688633,47.48033318,0.439348803,,0,0,0.054863423,0,Stable,Stable
29.7910688,36.74785047,52.93839257,9.196792018,0.946384585,,0,0,0.0001044795,0,Stable,Stable
47.89298922,36.87906073,18.9386694,20.7052693,0.866241298,,0,0,3.6635348e-07,0,Stable,Stable
41.89469591,30.59857712,55.94683507,22.93555304,0.122343216,,0,0,2.8031384e-06,0,Stable,Stable
19.19701429,21.63185962,56.02650743,47.90333258,0.868340161,,0,0,0.0027628292,0,Stable,Stable
20.06856279,44.27684996,33.90496863,26.33021397,0.836134217,,0,0,2.666496e-07,0,Stable,Stable
15.30442334,39.09207751,36.14600845,5.862780727,0.956468469,149.9055313,0,0,4.9976734e-05,0,Stable,Stable
33.97990791,23.48886511,58.18615486,34.7685148,0.876397394,,0,0,0.005025223,0,Stable,Stable
8.845971033,38.65902271,52.84721981,43.41384561,0.573086755,,0,0,0.0047474317,0,Stable,Stable
42.81626774,36.13264823,56.72033233,25.7345025,0.941195277,,0,0,0.00012062273,0,Stable,Stable
6.148109699,24.8073167,20.85338286,5.321772789,0.922269769,,1,1,0.9999901,0,Failure Risk,Failure Risk
29.71200609,35.5084716,39.16096338,22.40379635,0.842560054,,0,0,3.798213e-07,0,Stable,Stable
46.49898757,33.4075945,25.39149803,45.08489529,0.387856347,,0,0,4.7192273e-07,0,Stable,Stable
8.439980403,23.51399742,42.16544014,29.17758181,0.713851067,,1,1,0.99999666,0,Failure Risk,Failure Risk
20.49972298,41.78219089,55.17216451,28.05143285,0.118910102,115.8373793,0,0,2.0343166e-06,0,Stable,Stable
47.04485037,20.80279477,43.75170374,34.74855939,0.556643691,,0,0,5.818924e-05,0,Stable,Stable
21.19880832,24.90135879,45.85589103,8.797713486,0.209830712,,0,0,5.4636303e-06,0,Stable,Stable
44.89538507,25.81695442,37.1988129,25.98419152,0.199440156,,0,0,4.1267486e-07,0,Stable,Stable
9.331092101,38.92166755,58.88305924,25.7720459,0.900058798,115.3267955,1,1,0.62582713,0,Failure Risk,Failure Risk
8.22697344,26.12830412,59.19490182,24.51317376,0.455011253,,1,1,0.99998975,0,Failure Risk,Failure Risk
7.497082448,31.82300292,53.27582317,22.70741385,0.410381265,,1,1,0.98856413,0,Failure Risk,Failure Risk
35.20865809,27.65957235,48.20526203,6.929961615,0.274059844,,0,0,6.7433604e-07,0,Stable,Stable
13.80988001,37.3932632,18.82886008,17.56617149,0.472610071,,0,0,1.0989327e-07,0,Stable,Stable
5.780566708,29.75742206,51.80145704,49.83473786,0.459341111,,1,1,0.99999726,0,Failure Risk,Failure Risk
41.87471368,29.44973126,52.14961773,21.6503395,0.324571896,,0,0,6.3510066e-07,0,Stable,Stable
47.6895271,33.78835624,13.77756333,45.73857493,0.843522371,,0,0,9.0564504e-07,0,Stable,Stable
30.90097066,22.70936768,33.05171196,33.87186977,0.565710238,,0,0,6.048728e-06,0,Stable,Stable
36.52281481,32.10815756,16.16449059,27.11249672,0.595561304,,0,0,8.348432e-08,0,Stable,Stable
42.12223159,27.23260793,55.47434681,49.90277449,0.109239825,,0,0,3.5608882e-05,0,Stable,Stable
42.78310231,41.04846577,46.50805024,9.447912125,0.999649534,,0,0,4.2153566e-05,0,Stable,Stable
22.70361094,39.25467878,45.49632833,49.55156404,0.968018961,,0,0,1.4772207e-05,0,Stable,Stable
20.64522837,27.69230609,14.63182314,14.7506553,0.999759186,,0,0,2.7275646e-05,0,Stable,Stable
26.61201165,20.83359245,54.07356949,24.20257661,0.498745023,,0,0,0.00016559214,0,Stable,Stable
48.19254716,44.51856813,12.85961517,26.42693324,0.06998651,,0,0,3.9174246e-08,0,Stable,Stable
34.20700103,36.57821846,13.94701392,19.09756291,0.351755598,,0,0,4.0224965e-08,0,Stable,Stable
5.980502739,28.34960546,40.20767353,9.653367243,0.939112797,,1,1,0.99999917,0,Failure Risk,Failure Risk
34.77095333,22.39674187,48.27153109,46.55965324,0.995646137,,0,0,0.0008648096,0,Stable,Stable
15.60592014,25.38526763,59.94081726,28.11708644,0.740781001,160.1446133,0,1,0.5384756,1,Stable,Failure Risk
21.2009422,30.35705284,51.80834076,33.49027602,0.766870764,,0,0,1.8844574e-05,0,Stable,Stable
43.16125562,28.22773203,39.15388469,28.56659045,0.582272394,,0,0,3.6946807e-07,0,Stable,Stable
33.94303776,39.81371853,38.82650523,49.67645061,0.929150182,,0,0,3.227185e-06,0,Stable,Stable
11.34723606,44.87235483,15.30018661,35.11473902,0.843902378,,0,0,5.2856063e-07,0,Stable,Stable
38.22762366,27.51050469,53.7074344,29.02680365,0.003322889,,0,0,1.1172827e-06,0,Stable,Stable
27.42583511,22.72270084,20.27169675,43.35238938,0.684121786,,0,0,6.327873e-06,0,Stable,Stable
20.98559828,38.24120521,24.75651589,45.03534941,0.811028113,,0,0,7.578814e-07,0,Stable,Stable
30.67487847,36.34073581,11.39988714,43.83013202,0.720954143,,0,0,1.1912238e-07,0,Stable,Stable
40.26663449,35.37808224,40.26675352,16.37027876,0.201500464,,0,0,7.267299e-08,0,Stable,Stable
40.64086436,42.78518208,41.13626234,23.20043312,0.502638271,,0,0,7.498217e-08,0,Stable,Stable
31.61333358,42.41904616,43.38615016,8.738035565,0.514502989,,0,0,1.6827698e-07,0,Stable,Stable
46.72695347,23.83080801,35.64199591,8.796001722,0.466397443,,0,0,4.170143e-06,0,Stable,Stable
16.38879814,20.25434545,21.20198217,46.65712015,0.993735297,,0,0,0.0005853496,0,Stable,Stable
49.85301966,27.68137453,33.05641747,35.19475601,0.349645692,,0,0,2.4692642e-07,0,Stable,Stable
20.21499143,37.38446335,13.56022526,9.847386566,0.414905223,,0,0,5.8145552e-08,0,Stable,Stable
27.84577211,30.77908733,55.02166137,40.42219281,0.039784223,,0,0,5.1025295e-06,0,Stable,Stable
8.458225784,28.78791562,31.51229983,26.64182613,0.013233166,,0,0,0.007573488,0,Stable,Stable
41.90267146,40.06358922,18.77243448,8.130706888,0.130204027,,0,0,6.13938e-08,0,Stable,Stable
6.700233563,40.63037487,18.48471542,23.25167286,0.774847821,,0,0,0.0023780016,0,Stable,Stable
39.26073453,25.20832144,59.80368944,40.03546214,0.77514501,,0,0,0.001958338,0,Stable,Stable
10.52326938,32.59438585,13.55444741,15.00019711,0.719837533,,0,0,9.73867e-06,0,Stable,Stable
40.52000671,36.59122474,59.13049535,47.78513262,0.012231624,,0,0,1.0219289e-05,0,Stable,Stable
19.06953415,37.15189911,21.13265714,44.17695467,0.24763775,,0,0,7.488512e-08,0,Stable,Stable
32.02685166,23.10770875,21.08118296,12.56222301,0.203927614,,0,0,9.855821e-07,0,Stable,Stable
10.30370489,23.49275477,30.95359791,36.71666259,0.986458495,131.4750453,1,1,0.999892,0,Failure Risk,Failure Risk
8.180068564,35.5181003,24.32772039,14.16306487,0.473434203,,0,0,0.00013714185,0,Stable,Stable
38.78949994,31.61600776,56.40880981,27.42494371,0.956354411,,0,0,0.00028459146,0,Stable,Stable
25.79269109,30.2419269,56.64649036,25.34799475,0.496500388,,0,0,8.781306e-06,0,Stable,Stable
5.983311974,37.8263599,38.45997761,12.85724977,0.072167651,,0,0,0.0783377,0,Stable,Stable
48.34411884,32.67566969,28.85505397,7.944201679,0.84231639,,0,0,7.1828714e-07,0,Stable,Stable
45.88358137,35.465299,44.12255093,39.29331754,0.777722549,,0,0,8.83322e-07,0,Stable,Stable
12.1343691,37.79201924,47.70465791,6.618814236,0.067596385,,0,0,6.241689e-07,0,Stable,Stable
46.23858131,24.80217456,36.38839459,40.35321603,0.689416891,,0,0,1.21273415e-05,0,Stable,Stable
42.64340875,39.4857652,20.898859,11.56186309,0.884774747,,0,0,1.0101109e-06,0,Stable,Stable
25.89813078,28.98159437,11.82058642,47.74563122,0.660966413,,0,0,7.061551e-07,0,Stable,Stable
13.39537368,35.29118332,30.39015065,22.69971718,0.675558741,,0,0,2.2762228e-07,0,Stable,Stable
22.64576661,24.9524893,43.91886511,8.859379,0.766444118,,0,0,7.2977135e-05,0,Stable,Stable
5.971546001,22.25337162,22.50338564,38.57349922,0.351816532,,1,1,0.9996588,0,Failure Risk,Failure Risk
35.45449436,23.92229062,36.13958745,44.35274311,0.578662256,,0,0,1.134665e-05,0,Stable,Stable
23.36868868,42.27652093,31.61772952,18.84553546,0.671721931,,0,0,1.0680986e-07,0,Stable,Stable
19.48309858,25.74111695,16.12176519,6.33473346,0.82592669,212.6702082,0,0,3.0941796e-06,0,Stable,Stable
31.16232029,31.09971567,32.94698305,8.08215786,0.534503177,,0,0,2.5756924e-07,0,Stable,Stable
49.49421827,20.68298779,51.2706253,41.08983291,0.515399968,,0,0,8.158185e-05,0,Stable,Stable
44.65622877,37.91679671,49.66292565,36.22926488,0.645582882,,0,0,6.847261e-07,0,Stable,Stable
17.12473208,29.48122227,44.06937853,38.40527264,0.803797896,,0,0,1.0965622e-05,0,Stable,Stable
41.44443868,22.28035697,26.27168784,17.67298857,0.649254968,,0,0,1.2073208e-05,0,Stable,Stable
47.87446537,40.69277977,37.23999797,19.21968836,0.038340085,,0,0,5.0453018e-08,0,Stable,Stable
46.67597774,28.08230252,14.44802169,18.01867675,0.947740933,,0,0,1.6795932e-05,0,Stable,Stable
27.5673693,23.71835833,28.21627117,39.48910217,0.105253306,,0,0,1.9440097e-06,0,Stable,Stable
5.946116325,42.56877537,57.50299175,34.48695279,0.891391648,,1,1,0.9995728,0,Failure Risk,Failure Risk
30.13322689,30.67936974,53.26147979,48.32747868,0.014273598,,0,0,2.0768784e-06,0,Stable,Stable
40.05968843,38.8634494,15.28169312,37.77470009,0.071688687,,0,0,3.8271153e-08,0,Stable,Stable
34.54116772,42.78278955,38.2023133,10.0458373,0.165129547,,0,0,7.475255e-08,0,Stable,Stable
44.97505821,38.05998122,13.79388947,37.49632927,0.830235286,,0,0,2.0115814e-07,0,Stable,Stable
22.57882947,43.57413739,32.97524712,47.11219101,0.154010009,,0,0,4.3976078e-07,0,Stable,Stable
41.29453511,40.17300384,25.21722626,19.60437334,0.30244649,,0,0,4.357651e-08,0,Stable,Stable
32.99267792,31.60489667,21.81100634,23.3199822,0.8533428,,0,0,7.331879e-07,0,Stable,Stable
32.79007909,21.33638785,19.36251809,37.94138112,0.170629354,197.8635669,0,0,3.348261e-06,0,Stable,Stable
39.57847444,24.02258395,53.03986536,15.02000005,0.090321359,,0,0,7.7298055e-06,0,Stable,Stable
27.1307291,41.90052081,26.63432291,27.13037785,0.989139751,,0,0,3.5130852e-06,0,Stable,Stable
15.39662621,39.84919315,50.35464793,43.38991483,0.419079,148.1475676,0,0,9.338293e-07,0,Stable,Stable
45.02704957,24.83173067,34.64026279,8.723514322,0.018710467,,0,0,1.1208846e-06,0,Stable,Stable
38.41565498,26.50547331,21.75356165,22.6712134,0.422482371,,0,0,1.9182824e-07,0,Stable,Stable
38.64400757,38.07590737,10.80832548,7.654839734,0.188853769,,0,0,5.1348408e-08,0,Stable,Stable
38.92115677,27.04463742,35.45762692,23.35175637,0.677206385,,0,0,5.835091e-07,0,Stable,Stable
13.18736308,37.846057,59.30333292,22.02546607,0.650212744,,0,0,0.00019106842,0,Stable,Stable
45.0146306,21.54510599,26.36381505,34.03964567,0.661857279,,0,0,1.4192811e-05,0,Stable,Stable
13.77636043,35.69104504,44.09248059,31.57639727,0.789293922,,0,0,3.3191075e-06,0,Stable,Stable
24.17450693,40.36342402,38.93400026,30.42282045,0.462889274,,0,0,5.95577e-08,0,Stable,Stable
30.66116562,25.53109861,34.32679239,29.39861894,0.075804009,,0,0,5.4802183e-07,0,Stable,Stable
45.49924746,35.3816342,55.35040606,34.35657228,0.985020372,,0,0,9.859551e-05,0,Stable,Stable
9.717018842,30.09708917,46.87267358,10.17182037,0.767079322,163.3210363,1,1,0.99977463,0,Failure Risk,Failure Risk
28.11437023,42.05289218,14.77336504,22.66391366,0.456136553,,0,0,4.185711e-08,0,Stable,Stable
33.09802194,39.7375544,46.94284674,36.01583249,0.261975264,,0,0,1.2168996e-07,0,Stable,Stable
8.891799897,23.52951247,59.59899121,26.82758271,0.887230646,,1,1,0.9999993,0,Failure Risk,Failure Risk
17.83099288,22.73384833,22.33634016,15.20000125,0.585649774,168.6918983,0,0,6.187718e-06,0,Stable,Stable
13.89954324,37.15752814,48.34293777,20.66045233,0.957910276,,0,0,0.00071936223,0,Stable,Stable
5.209001739,31.45345907,37.90482874,44.39855854,0.939748628,,1,1,0.99999857,0,Failure Risk,Failure Risk
40.48617943,34.14834372,15.96559568,41.32540813,0.606588259,93.02695012,0,0,1.050008e-07,0,Stable,Stable
44.63368597,35.32312126,20.83161005,10.53084236,0.724626152,,0,0,2.2268662e-07,0,Stable,Stable
33.43698333,34.61754261,40.87230661,35.67618831,0.587376341,,0,0,1.2966115e-07,0,Stable,Stable
19.53899363,43.59019555,40.23682549,48.39695259,0.745041178,,0,0,9.962636e-07,0,Stable,Stable
47.78068716,20.89699204,38.16564523,28.32342277,0.919507862,,0,0,0.0004987474,0,Stable,Stable
20.50528586,40.17832072,52.51900582,16.2707616,0.707202622,91.28170579,0,0,1.8115276e-06,0,Stable,Stable
40.75485325,24.86205577,49.70899824,38.20301197,0.40434779,,0,0,1.29619675e-05,0,Stable,Stable
36.95772233,26.86411693,32.80764367,5.784145786,0.763835493,,0,0,2.719215e-06,0,Stable,Stable
26.22141799,28.40754434,16.91038232,26.28627797,0.537621108,,0,0,8.659002e-08,0,Stable,Stable
26.16945114,40.49751075,30.7848212,43.11035134,0.700682089,,0,0,1.2876062e-07,0,Stable,Stable
31.12788922,20.35768724,12.58836905,29.99763282,0.856327995,140.7180975,0,0,3.9890914e-05,0,Stable,Stable
35.51821631,42.14054559,57.52736796,10.49501493,0.973362053,,0,0,0.00010110699,0,Stable,Stable
46.54577227,34.57968639,54.37694425,26.92508255,0.537595783,,0,0,3.8224794e-06,0,Stable,Stable
22.33062819,32.20923717,48.5072347,22.84533052,0.210034339,,0,0,1.6666247e-07,0,Stable,Stable
11.01012196,22.76069091,21.25585805,5.027580221,0.365949477,,0,0,0.00031492277,0,Stable,Stable
16.08671294,41.00345411,44.79047656,40.40888674,0.83447207,,0,0,9.957745e-07,0,Stable,Stable
28.01838009,42.18240026,20.95756862,18.93935878,0.891108514,,0,0,5.004469e-07,0,Stable,Stable
11.45383755,31.48028197,31.30463084,43.79919459,0.065458687,,0,0,6.635846e-07,0,Stable,Stable
7.547673791,39.936223,51.50145011,17.76274738,0.374692608,,0,0,0.0008460306,0,Stable,Stable
6.44969122,32.49232296,49.67423077,21.94815038,0.728215059,,1,1,0.99999726,0,Failure Risk,Failure Risk
23.36998202,26.1352648,37.08652147,12.46970759,0.873786538,,0,0,2.7499844e-05,0,Stable,Stable
27.39773194,30.36373883,34.43422724,16.1441895,0.521436453,,0,0,1.9341648e-07,0,Stable,Stable
35.73339884,20.51196153,40.60021696,48.88452743,0.157050178,,0,0,5.3681684e-05,0,Stable,Stable
32.17528851,28.78531603,21.21295512,16.26809044,0.887796484,,0,0,3.6326237e-06,0,Stable,Stable
25.56411618,24.90046613,20.28746275,7.578841664,0.552902277,,0,0,6.966368e-07,0,Stable,Stable
23.7855232,31.14371558,56.73806252,26.98873557,0.38096736,,0,0,4.3912523e-06,0,Stable,Stable
49.21469427,27.55913481,28.30639983,44.361721,0.475456103,,0,0,4.382891e-07,0,Stable,Stable
12.77395907,33.44194042,12.56998365,49.37801883,0.423162094,,0,0,1.9475187e-06,0,Stable,Stable
40.37822011,31.50952189,30.24065796,47.41951697,0.327314651,132.7376807,0,0,5.693625e-07,0,Stable,Stable
48.69631091,28.97968884,43.25938004,13.76091488,0.47829068,,0,0,6.6479e-07,0,Stable,Stable
13.21875391,21.84820912,35.39731155,43.37280602,0.404132403,,0,0,0.0006276518,0,Stable,Stable
44.28660207,35.27055518,16.18148263,14.58010427,0.864796977,,0,0,6.4122986e-07,0,Stable,Stable
48.44249166,26.37716078,53.76434024,22.9821054,0.908417063,,0,0,0.00062631775,0,Stable,Stable
32.41501982,33.95271103,26.01425006,44.5438735,0.161479527,,0,0,1.7011239e-07,0,Stable,Stable
41.54149819,20.57371074,33.89086542,8.983393809,0.823093591,,0,0,9.519253e-05,0,Stable,Stable
11.39277242,31.03497728,37.93724986,46.73149628,0.176509778,114.2276517,0,0,0.00010381133,0,Stable,Stable
8.988483864,44.93361373,55.20178699,35.62676801,0.235758237,188.9469817,0,0,0.00057626644,0,Stable,Stable
22.89163412,37.20092834,30.94372028,7.286679906,0.386458105,94.65441336,0,0,7.197952e-08,0,Stable,Stable
24.30715973,36.69753782,34.82303555,42.39394186,0.400299395,,0,0,1.16841306e-07,0,Stable,Stable
26.8417567,43.64819653,44.37490433,44.62767337,0.65230867,,0,0,5.479894e-07,0,Stable,Stable
15.3990015,28.54703305,21.09986939,29.12128623,0.86645385,76.5788708,0,0,4.1333956e-06,0,Stable,Stable
18.65654141,35.19444281,52.4528376,8.799097292,0.690813119,,0,0,1.9993654e-06,0,Stable,Stable
7.849366114,33.97002086,24.8320646,26.55594754,0.84565314,,1,1,0.96233225,0,Failure Risk,Failure Risk
30.71518546,34.08328135,48.8845028,12.37434003,0.468681335,,0,0,3.1170484e-07,0,Stable,Stable
16.15440075,20.53249595,45.45176207,49.47956813,0.697723134,,0,0,0.00017564255,0,Stable,Stable
38.37473999,43.5249732,34.89830304,14.98578264,0.098732281,,0,0,7.379335e-08,0,Stable,Stable
41.49988315,28.88203756,29.89320651,34.14305242,0.469925993,,0,0,1.2807443e-07,0,Stable,Stable
26.06367295,27.96380344,59.36119221,30.29289729,0.836299191,,0,0,0.0004969519,0,Stable,Stable
27.48607713,36.16691722,17.11660131,5.072249073,0.152250641,,0,0,5.0554064e-08,0,Stable,Stable
37.87520364,41.59531393,16.3294908,21.63440164,0.376062808,,0,0,3.4866822e-08,0,Stable,Stable
18.39490277,30.53305496,41.87354675,11.70699036,0.539896466,,0,0,3.286183e-07,0,Stable,Stable
45.78196067,28.99477385,51.32096404,10.14631362,0.850940757,,0,0,0.000116224604,0,Stable,Stable
7.867549701,39.01328412,27.36061748,36.39166546,0.213607752,,0,0,2.3181066e-07,0,Stable,Stable
42.77168886,39.0178657,16.5593771,17.0127431,0.189619237,,0,0,4.5048957e-08,0,Stable,Stable
9.636670894,27.01854882,50.6919838,23.11434929,0.340147267,,1,1,0.80451846,0,Failure Risk,Failure Risk
33.1650597,26.98837561,32.53892698,23.59340752,0.715310038,,0,0,5.8078103e-07,0,Stable,Stable
36.44271157,23.40066062,11.52513887,10.7460825,0.505943891,,0,0,1.1907985e-06,0,Stable,Stable
37.26396055,21.80247673,16.88430659,48.06781845,0.225612345,,0,0,9.78701e-06,0,Stable,Stable
43.83616825,38.82592405,19.42415772,23.600446,0.73207727,,0,0,1.2062971e-07,0,Stable,Stable
23.65790281,22.2621573,54.52158775,42.6152749,0.27813369,,0,0,0.00013078938,0,Stable,Stable
24.98715825,27.45659233,26.11949107,33.49863678,0.141323879,,0,0,1.411452e-07,0,Stable,Stable
24.98291318,43.37576933,24.44180242,33.3054235,0.599402443,,0,0,6.477938e-08,0,Stable,Stable
39.30038553,40.52981896,12.28837266,36.09136292,0.803615928,,0,0,1.2771511e-07,0,Stable,Stable
49.90481187,30.20107497,40.60383923,43.83844823,0.160520321,,0,0,2.3067228e-07,0,Stable,Stable
43.08569509,24.27806055,32.19157526,44.08708451,0.122398558,,0,0,1.566998e-06,0,Stable,Stable
35.31444489,34.13514396,54.31814298,36.52683151,0.357241957,,0,0,2.0244481e-06,0,Stable,Stable
16.67209978,40.32861978,47.77540383,22.63329646,0.861747979,,0,0,3.3060444e-06,0,Stable,Stable
11.38324199,39.12142623,21.14532321,28.72072219,0.434382024,,0,0,7.437808e-08,0,Stable,Stable
33.55160329,23.0350875,58.23472413,15.78678171,0.32085453,,0,0,0.0001019173,0,Stable,Stable
48.8836585,25.0424389,49.01692192,46.68781856,0.694414045,,0,0,6.0104536e-05,0,Stable,Stable
19.53696131,24.03031035,43.17573714,36.80270426,0.75876147,,0,0,8.267838e-05,0,Stable,Stable
6.339735833,28.46654866,53.32937287,39.18228554,0.747811748,,1,1,0.99999857,0,Failure Risk,Failure Risk
27.66013458,38.92315969,37.40230771,43.39412218,0.834962002,,0,0,4.116568e-07,0,Stable,Stable
18.15563409,34.83629348,43.02100417,5.862854356,0.314339108,,0,0,9.416071e-08,0,Stable,Stable
41.95056318,34.93227499,25.83029628,25.72349166,0.842869429,,0,0,2.1382748e-07,0,Stable,Stable
9.234858593,29.04922456,12.1114554,5.923390056,0.221026775,,0,0,8.014004e-06,0,Stable,Stable
7.512719939,44.85922441,31.16051276,15.67368907,0.896728193,,0,0,0.0006715213,0,Stable,Stable
19.79138242,38.41822872,57.4872674,17.89109161,0.725330249,,0,0,2.2658e-05,0,Stable,Stable
10.54363496,25.23823504,12.33158214,9.911918447,0.095559944,,0,0,2.1532103e-05,0,Stable,Stable
15.7276599,32.57220142,46.20610351,22.91925906,0.03724463,,0,0,1.4892926e-07,0,Stable,Stable
31.18060691,43.78902131,25.2541426,42.08738179,0.533161063,,0,0,7.8646316e-08,0,Stable,Stable
24.44111598,22.87140173,50.08739344,33.4499506,0.040865788,,0,0,1.0037873e-05,0,Stable,Stable
37.87548217,35.58873874,56.70956349,13.25098826,0.637436736,,0,0,1.6975237e-05,0,Stable,Stable
30.90928477,39.92453504,13.32190472,10.00786388,0.42185861,,0,0,6.1916516e-08,0,Stable,Stable
34.44378447,39.11589986,11.33288625,47.60143598,0.056703767,,0,0,1.7523037e-07,0,Stable,Stable
34.31642396,32.8649681,11.54943291,46.27621944,0.707273881,,0,0,3.9393373e-07,0,Stable,Stable
14.20030968,36.60054017,46.28417769,27.86743723,0.869375442,,0,0,2.0386131e-05,0,Stable,Stable
8.916510429,36.29987852,57.82793195,11.62707909,0.234215843,,0,0,0.0024915386,0,Stable,Stable
46.30080317,21.98614201,56.87456348,39.7985544,0.860640835,,0,0,0.0030621428,0,Stable,Stable
12.0915645,40.96243045,23.49149625,33.88829558,0.799441614,,0,0,4.6047745e-07,0,Stable,Stable
29.74988685,24.50465798,46.47169451,21.58025527,0.206456262,,0,0,5.610671e-06,0,Stable,Stable
9.199765412,29.74360459,46.79517154,13.17782796,0.522481642,,1,1,0.6997637,0,Failure Risk,Failure Risk
9.331276246,44.96982127,54.89348944,22.18400813,0.51066972,,0,0,0.00018096717,0,Stable,Stable
5.990725205,35.48738957,40.005888,41.14325788,0.923883762,,1,1,0.9999927,0,Failure Risk,Failure Risk
13.02236637,32.48754425,56.36574795,20.14009076,0.290843457,,0,0,1.77474e-05,0,Stable,Stable
43.90146066,28.72290488,13.55308374,7.786410945,0.996458426,,0,0,2.1578642e-05,0,Stable,Stable
45.88950026,39.30852439,19.80957469,19.48004128,0.814784442,,0,0,1.7050691e-07,0,Stable,Stable
16.92413478,23.9213073,43.61939627,36.07429864,0.917247759,,0,0,0.00028788808,0,Stable,Stable
41.34468207,21.85078219,26.27212075,9.931413105,0.283179722,,0,0,2.9126904e-06,0,Stable,Stable
30.4257996,43.81866502,16.31840507,22.2134378,0.864145199,,0,0,3.0777002e-07,0,Stable,Stable
33.23505244,37.1722078,46.39536517,43.71195961,0.74424958,,0,0,1.4455412e-06,0,Stable,Stable
47.81324821,20.74100182,11.88154921,37.86537368,0.293072237,,0,0,6.786658e-06,0,Stable,Stable
49.2447194,38.55940957,32.77944211,49.48187991,0.286457348,,0,0,5.8958784e-07,0,Stable,Stable
7.390428089,35.82553049,19.67586277,35.38729391,0.354239508,230.5108838,0,0,3.888737e-06,0,Stable,Stable
14.49287237,38.41129464,37.13390636,7.47164404,0.395494386,,0,0,1.4577778e-07,0,Stable,Stable
37.57979229,21.3668268,24.72034972,30.89535965,0.934671719,,0,0,0.00018765959,0,Stable,Stable
27.67537392,24.79627857,24.68558439,12.03580293,0.48477635,,0,0,9.042823e-07,0,Stable,Stable
34.43757404,20.5156658,11.06815815,29.29327534,0.151729638,,0,0,4.5394722e-06,0,Stable,Stable
45.53905525,42.4747764,21.32418247,6.796611817,0.061729218,,0,0,7.7294814e-08,0,Stable,Stable
29.5508456,44.1856608,57.34186931,42.5946041,0.733032475,,0,0,1.7471073e-05,0,Stable,Stable
45.42031369,42.7992145,20.37974894,14.02314578,0.557799756,,0,0,9.117704e-08,0,Stable,Stable
10.85852071,30.93913313,58.6113299,47.23034377,0.243120526,,0,0,0.10403798,0,Stable,Stable
42.50905552,26.4441923,39.71620561,47.25178561,0.659658086,,0,0,9.536529e-06,0,Stable,Stable
46.47773392,27.36142232,23.1604425,6.833472703,0.669425645,,0,0,5.7236116e-07,0,Stable,Stable
44.29216793,25.13974153,16.45107095,45.22028177,0.406680332,,0,0,2.0448356e-06,0,Stable,Stable
21.51030478,30.20949202,49.83210597,8.182255304,0.658034345,,0,0,5.1493503e-06,0,Stable,Stable
37.70306764,29.85677587,37.60683939,20.46682477,0.115151675,,0,0,8.38976e-08,0,Stable,Stable
45.0068953,36.68819923,15.84661911,19.05284608,0.946885502,,0,0,6.19485e-06,0,Stable,Stable
46.88167969,42.07892222,21.28437257,8.523092801,0.049329861,,0,0,7.7294814e-08,0,Stable,Stable
9.965977545,44.63936575,18.62625271,19.53009093,0.421255472,,0,0,8.923956e-08,0,Stable,Stable
40.01565476,28.52950137,42.97282393,31.20494418,0.381711299,,0,0,3.278811e-07,0,Stable,Stable
49.90618105,21.00321973,25.73641202,35.97417488,0.201415924,116.8901662,0,0,1.0572045e-05,0,Stable,Stable
39.57642467,36.37258831,28.9791626,19.00766128,0.269035628,,0,0,4.442792e-08,0,Stable,Stable
16.14812738,27.65383905,27.38880525,37.77729955,0.689038881,,0,0,4.7806884e-07,0,Stable,Stable
25.81402934,29.81224503,40.21952561,12.10422713,0.174818553,,0,0,1.3185156e-07,0,Stable,Stable
49.44180985,31.11611036,53.32260859,17.60496634,0.955792105,,0,0,0.00019403288,0,Stable,Stable
15.74279654,20.91414445,32.46748995,7.554631216,0.946810458,,0,0,0.0009862427,0,Stable,Stable
16.31183033,44.63943586,35.31211025,18.26916041,0.810604655,,0,0,2.4931776e-07,0,Stable,Stable
36.27170134,26.21161512,10.99373655,16.07575467,0.77505062,,0,0,2.5412849e-06,0,Stable,Stable
28.73179805,24.18956208,14.96554783,42.6933059,0.853675633,,0,0,5.231483e-06,0,Stable,Stable
17.54211718,28.72760289,43.21248919,6.840215717,0.644861747,226.955518,0,0,2.3235475e-06,0,Stable,Stable
13.43350796,30.15014433,54.37139772,39.72161097,0.497781279,156.5024792,0,0,2.878154e-05,0,Stable,Stable
41.16054206,28.59353957,54.82786067,13.74148736,0.362662006,,0,0,8.903282e-06,0,Stable,Stable
33.68258827,35.75595393,31.13650831,25.84879559,0.705785704,,0,0,9.148852e-08,0,Stable,Stable
13.38500644,36.87512721,36.06828795,8.767455514,0.248713297,,0,0,1.15120386e-07,0,Stable,Stable
17.79891458,27.34677618,15.15700314,11.48542753,0.470613571,,0,0,1.8883098e-07,0,Stable,Stable
44.40440245,30.99410488,12.98743027,18.7586716,0.728293488,,0,0,2.3264184e-07,0,Stable,Stable
13.47776453,24.55169031,59.41522838,21.96446807,0.009960531,,0,0,0.0075560324,0,Stable,Stable
18.08958795,30.21219383,59.94188806,11.58910626,0.679189999,,0,0,7.6980396e-05,0,Stable,Stable
41.91552568,21.08893951,28.46501727,21.12393574,0.71279804,,0,0,2.4205021e-05,0,Stable,Stable
20.12493408,29.30031103,58.47946634,9.456779238,0.870013343,,0,0,0.0010214843,0,Stable,Stable
8.075827168,36.44658764,21.07135339,13.09983564,0.596536787,,0,0,8.7772845e-05,0,Stable,Stable
15.11421069,33.34886826,52.61322134,42.36966124,0.152521128,,0,0,1.5654432e-06,0,Stable,Stable
48.22158882,43.60106254,19.35680699,13.97042779,0.598326273,,0,0,1.4596334e-07,0,Stable,Stable
41.03117604,32.43409801,58.08429976,26.10624033,0.200119639,,0,0,3.1652278e-06,0,Stable,Stable
5.71755589,34.69068243,22.48255206,48.89344586,0.965996426,,1,1,0.9999485,0,Failure Risk,Failure Risk
22.29840189,27.78097172,56.87720727,17.82686379,0.674869104,,0,0,0.00013558089,0,Stable,Stable
22.61462091,23.62489414,28.35795764,7.388143953,0.568214109,,0,0,2.8556542e-06,0,Stable,Stable
40.31484445,28.7711956,40.29223804,28.57068808,0.406032064,,0,0,1.673494e-07,0,Stable,Stable
32.81168861,43.12013698,37.37548239,8.388821807,0.991413579,,0,0,6.3211364e-06,0,Stable,Stable
38.49366728,25.28532539,54.23504848,18.6031705,0.999162612,,0,0,0.00442009,0,Stable,Stable
36.85514138,33.36512636,24.82014144,40.91551351,0.674044858,,0,0,1.6253755e-07,0,Stable,Stable
38.75378337,31.43367565,58.84335515,6.233851193,0.965239778,,0,0,0.0004170668,0,Stable,Stable
24.52136164,20.40293261,54.37711369,7.011876856,0.827089549,,0,0,0.0015397634,0,Stable,Stable
25.63104246,29.85967749,28.79728634,25.81704322,0.245085628,,0,0,6.319747e-08,0,Stable,Stable
30.5127714,26.21373895,32.75836927,34.28140938,0.567428139,,0,0,1.0363069e-06,0,Stable,Stable
19.94780568,44.70619331,20.65611843,5.89972964,0.641160389,,0,0,1.453247e-07,0,Stable,Stable
41.59180404,37.44011253,48.74902497,41.03456185,0.794067571,,0,0,1.4137869e-06,0,Stable,Stable
23.51802213,25.58074826,39.05273595,34.53214774,0.049617301,,0,0,7.7159353e-07,0,Stable,Stable
16.86078279,36.72738612,24.34409489,10.01146205,0.327449632,,0,0,6.471046e-08,0,Stable,Stable
19.25227049,36.72382694,50.09711468,18.48702063,0.381485394,189.7438808,0,0,1.7665761e-07,0,Stable,Stable
48.66057781,37.08364438,35.96297132,8.884996882,0.780477331,,0,0,5.0899433e-07,0,Stable,Stable
36.89857009,27.27945162,31.55370926,15.61264249,0.248801713,,0,0,2.2831343e-07,0,Stable,Stable
43.30769955,38.46062753,55.46687869,41.98309971,0.33392093,,0,0,5.2800015e-06,0,Stable,Stable
6.093171653,21.87180094,59.54195636,30.3351136,0.118079225,,1,1,0.9998609,0,Failure Risk,Failure Risk
28.29832957,36.72001498,51.34621154,29.88827957,0.402755695,,0,0,2.25032e-07,0,Stable,Stable
14.87156293,40.7796989,49.04320282,45.1930256,0.842392547,,0,0,8.388899e-06,0,Stable,Stable
23.16531459,23.01058065,37.38173911,45.23939946,0.661991197,,0,0,7.3969655e-05,0,Stable,Stable
21.49054909,38.88926758,43.723344,19.17394448,0.109409664,,0,0,5.8685142e-08,0,Stable,Stable
25.30360762,33.66390363,25.70186435,32.03107695,0.518369203,,0,0,6.679096e-08,0,Stable,Stable
25.31564807,29.95525772,52.51728307,28.03598695,0.306860982,,0,0,4.1233852e-07,0,Stable,Stable
46.43629642,35.58270077,34.17776327,8.64256621,0.989058511,,0,0,8.962044e-06,0,Stable,Stable
21.70524415,35.96424445,44.32597294,45.7744371,0.496169699,,0,0,6.737826e-07,0,Stable,Stable
33.57729816,40.42615636,40.94377764,48.94994445,0.717691772,,0,0,8.4951887e-07,0,Stable,Stable
46.61363641,27.04627396,57.37884667,30.90802809,0.024599466,,0,0,1.2940304e-05,0,Stable,Stable
24.69189847,36.04380193,26.4668965,48.86573089,0.917148733,,0,0,3.4407658e-06,0,Stable,Stable
41.08758241,25.2126512,54.11034864,27.32778113,0.022609668,,0,0,3.508242e-05,0,Stable,Stable
15.44602608,27.84244095,18.15490031,16.74813919,0.297994185,127.0942828,0,0,3.5467582e-07,0,Stable,Stable
26.44808722,32.05223361,39.3928208,14.16440005,0.418678136,183.8325614,0,0,1.1702932e-07,0,Stable,Stable
45.44649919,35.55788131,39.85966551,19.57966871,0.565310146,,0,0,9.746968e-08,0,Stable,Stable
10.16538254,22.59172839,40.22706133,34.17743665,0.921191453,,1,1,0.9999604,0,Failure Risk,Failure Risk
33.2318977,42.00156745,34.66619958,28.44623376,0.744488781,,0,0,1.8487323e-07,0,Stable,Stable
49.58606102,25.6182911,57.01982163,25.26871274,0.655005076,117.0755496,0,0,0.00031515735,0,Stable,Stable
28.5448109,35.58913515,56.60843385,40.57597821,0.080488164,,0,0,5.0332483e-06,0,Stable,Stable
38.20766037,25.27810486,57.69681244,25.61172333,0.306028144,,0,0,8.176737e-05,0,Stable,Stable
33.47196395,25.71552645,54.95770933,10.13224865,0.506156472,,0,0,6.122916e-05,0,Stable,Stable
21.15818506,33.4838604,50.93074709,40.02722591,0.931790804,118.0676255,0,0,1.2307466e-05,0,Stable,Stable
43.02982846,29.13635398,10.13798243,39.44803537,0.045493196,,0,0,1.372905e-07,0,Stable,Stable
11.87376943,42.83110564,15.38711194,10.70277808,0.456795783,150.5543402,0,0,1.6334809e-07,0,Stable,Stable
12.22640918,35.88404419,20.59482794,32.63318431,0.028752024,,0,0,5.9429926e-08,0,Stable,Stable
42.61043464,44.37019418,24.64517017,16.41928336,0.976857126,,0,0,5.738872e-06,0,Stable,Stable
26.67594959,41.00582449,28.43844402,25.19324682,0.713989276,,0,0,8.380052e-08,0,Stable,Stable
22.46221715,39.17529235,58.83105507,8.022733813,0.889400791,,0,0,0.00010590527,0,Stable,Stable
14.60576823,42.47214385,44.18271422,20.09503998,0.153069061,,0,0,1.0995429e-07,0,Stable,Stable
15.07586592,42.0177208,10.69688394,29.67560308,0.664512182,,0,0,1.225526e-07,0,Stable,Stable
25.17074809,41.26225471,17.65844577,9.566953819,0.417438526,,0,0,6.13403e-08,0,Stable,Stable
29.55663572,33.4344797,17.58665866,36.72105658,0.355217416,,0,0,3.9628983e-08,0,Stable,Stable
37.29665128,31.28112633,44.59905626,28.54189731,0.166639324,,0,0,9.239339e-08,0,Stable,Stable
40.99510869,24.49538925,47.09607272,10.08715317,0.087987965,,0,0,4.677303e-06,0,Stable,Stable
23.88627156,40.81606446,34.91778907,22.92512481,0.585172426,,0,0,9.170253e-08,0,Stable,Stable
31.64855812,40.13817156,58.43286889,5.792500551,0.281145242,,0,0,2.795962e-06,0,Stable,Stable
36.46592309,40.90857989,13.03021077,45.31736816,0.819740086,,0,0,5.435823e-07,0,Stable,Stable
7.927068098,33.68453084,44.95829614,42.7078208,0.903127266,,1,1,0.9999802,0,Failure Risk,Failure Risk
15.78434599,30.72070024,40.27143296,37.6594491,0.640443373,,0,0,5.0957374e-07,0,Stable,Stable
47.3819571,34.04182397,58.78100579,30.71395465,0.488625667,,0,0,3.949512e-06,0,Stable,Stable
45.56299736,26.21394268,21.344817,18.87220622,0.312834076,123.640252,0,0,4.2436184e-07,0,Stable,Stable
45.0805368,39.27407561,13.6310737,20.65381923,0.046990831,,0,0,3.9046533e-08,0,Stable,Stable
33.13437448,27.08605599,26.49262884,12.66745769,0.868198927,,0,0,3.0102606e-06,0,Stable,Stable
44.55465385,32.24716101,31.77217459,47.05827828,0.019465926,,0,0,4.3481697e-07,0,Stable,Stable
23.35370115,22.17446878,10.20565808,45.33319464,0.776861547,121.1697282,0,0,4.625809e-05,0,Stable,Stable
48.44561803,32.69833168,18.46445645,48.58472218,0.001454685,,0,0,2.6029738e-07,0,Stable,Stable
28.35912787,33.53076647,35.93398893,8.860414118,0.180196393,,0,0,7.976271e-08,0,Stable,Stable
18.43649403,37.97446868,41.23245295,34.11672823,0.47768471,,0,0,6.187425e-08,0,Stable,Stable
43.3326564,34.72194993,35.40468289,25.72599032,0.844621951,,0,0,3.0656693e-07,0,Stable,Stable
45.95997656,20.34035368,39.23464376,46.2395985,0.305094261,,0,0,5.4306765e-05,0,Stable,Stable
37.99488063,39.77813976,22.31526122,26.74867415,0.524351947,,0,0,4.377928e-08,0,Stable,Stable
20.48183549,27.60798369,59.14088617,5.022379177,0.759778672,,0,0,0.00052589754,0,Stable,Stable
21.32314916,26.82297119,34.48330504,11.1161098,0.592538151,,0,0,7.675789e-07,0,Stable,Stable
33.98801406,41.20942847,47.96346421,32.55433802,0.755821816,,0,0,1.382548e-06,0,Stable,Stable
35.46683083,23.61057716,25.55017432,14.95663287,0.636964266,,0,0,4.1081544e-06,0,Stable,Stable
31.34615131,26.10101335,57.34778483,32.52157371,0.231289008,,0,0,3.018796e-05,0,Stable,Stable
21.60633904,24.56164187,16.24784273,38.60220084,0.271818082,,0,0,5.2279995e-07,0,Stable,Stable
40.44689289,24.51506266,44.00012958,23.99237545,0.71425425,,0,0,2.2311919e-05,0,Stable,Stable
49.67864488,43.5385125,32.73792455,48.33244361,0.810033407,,0,0,1.0263152e-06,0,Stable,Stable
28.42801093,21.60960265,38.34998259,23.58013731,0.323212115,,0,0,4.0378814e-06,0,Stable,Stable
45.17570104,31.34103079,54.29367587,13.3532237,0.721324393,,0,0,4.4934164e-05,0,Stable,Stable
14.664173,29.87613547,54.2631287,35.10850313,0.342449876,,0,0,1.3548245e-05,0,Stable,Stable
41.75353758,25.18825339,53.64930682,43.99097663,0.651031962,,0,0,8.274258e-05,0,Stable,Stable
48.44798711,39.51059172,48.31215671,49.54701945,0.473107521,,0,0,7.3530475e-07,0,Stable,Stable
6.00357672,37.57571541,42.92881841,32.03077007,0.563071781,,1,1,0.99946684,0,Failure Risk,Failure Risk
14.42389176,41.53975882,20.90248201,37.1710772,0.081469623,,0,0,5.8822312e-08,0,Stable,Stable
28.48684788,21.60813209,42.79322071,20.68197036,0.632643997,,0,0,3.0496703e-05,0,Stable,Stable
22.04178609,30.36709715,17.89145112,26.73238405,0.662139053,,0,0,1.3414689e-07,0,Stable,Stable
23.60374588,38.54398692,18.35067085,14.11226069,0.733746875,,0,0,2.3271839e-07,0,Stable,Stable
9.27194043,23.62482395,57.44777361,49.6357861,0.235714967,,1,1,0.9998739,0,Failure Risk,Failure Risk
11.24787391,33.66439777,35.69308559,39.27584383,0.383303612,,0,0,2.15142e-06,0,Stable,Stable
20.36355137,37.64607655,41.72004724,33.05936772,0.358553403,,0,0,5.0688655e-08,0,Stable,Stable
18.68920332,31.12999116,12.48119671,8.215498614,0.298234371,,0,0,7.6790045e-08,0,Stable,Stable
46.88766642,21.70714959,54.5772725,49.84650298,0.773166707,,0,0,0.001204544,0,Stable,Stable
42.42062743,22.49420085,58.06480145,11.64204253,0.137504842,,0,0,8.574042e-05,0,Stable,Stable
43.43003706,44.29605229,15.1448867,7.662960764,0.451485228,,0,0,7.343994e-08,0,Stable,Stable
12.07232703,29.42549642,37.89066769,45.84174344,0.410670966,,0,0,8.3516024e-05,0,Stable,Stable
11.2112424,44.0148072,52.77652025,5.076672262,0.587187363,,0,0,2.7883549e-05,0,Stable,Stable
5.793567307,32.68199411,24.7889278,8.613871792,0.088924567,,0,0,0.27931893,0,Stable,Stable
9.674320563,21.13648064,18.83172596,10.78858274,0.220386439,,0,0,0.05941487,0,Stable,Stable
48.0921967,29.57156992,37.07616908,28.96381844,0.45783638,,0,0,1.2917658e-07,0,Stable,Stable
42.65228145,39.6506318,11.09236984,28.9066739,0.067425828,,0,0,3.4283733e-08,0,Stable,Stable
40.35320619,40.15822437,16.45063079,31.83432053,0.006563874,,0,0,3.3404195e-08,0,Stable,Stable
29.17896166,32.48838494,32.62332644,39.92236245,0.286788358,,0,0,1.3583487e-07,0,Stable,Stable
20.97926449,28.42196363,14.78428908,28.18737951,0.13233211,,0,0,7.6034084e-08,0,Stable,Stable
46.91893106,38.16774215,20.83058291,46.57357517,0.59605229,,0,0,3.7985026e-07,0,Stable,Stable
9.087718148,22.70466643,27.94804573,32.23325402,0.968294689,,1,1,0.9999763,0,Failure Risk,Failure Risk
24.50039137,39.02104631,44.72451357,31.41961224,0.495431775,,0,0,9.6392014e-08,0,Stable,Stable
31.60593076,39.72395838,48.13771927,9.619916069,0.577495546,,0,0,4.5921487e-07,0,Stable,Stable
8.614539756,39.77966718,50.19970956,33.6361415,0.184291068,,0,0,1.3863842e-05,0,Stable,Stable
27.20487653,28.88988485,52.82559924,46.40874598,0.828606702,,0,0,3.8394657e-05,0,Stable,Stable
33.96352047,26.50560053,58.33031683,29.96340677,0.253030952,,0,0,1.8681814e-05,0,Stable,Stable
34.16530654,33.54738792,48.99885814,17.50816749,0.410717798,,0,0,2.494514e-07,0,Stable,Stable
8.546301412,21.12250693,37.45654977,34.16367491,0.311027769,,1,1,0.999907,0,Failure Risk,Failure Risk
13.53633642,29.38103517,58.43293987,15.99402875,0.91968825,,1,0,0.2703724,1,Failure Risk,Stable
20.68229067,28.97494791,52.76967901,41.78252699,0.509972392,,0,0,3.2598339e-06,0,Stable,Stable
35.55810945,34.33243425,29.32558566,15.2093151,0.80671826,,0,0,6.0232117e-07,0,Stable,Stable
17.57103455,44.75245298,40.76811282,15.30942041,0.093830128,,0,0,8.742743e-08,0,Stable,Stable
39.44444975,35.77282316,22.65511276,26.75024402,0.284227048,,0,0,3.374784e-08,0,Stable,Stable
35.722453,40.97554896,40.91527482,26.53272667,0.680527455,,0,0,1.3090062e-07,0,Stable,Stable
24.97701424,22.9188509,11.25802449,7.451385846,0.811052326,,0,0,7.2050643e-06,0,Stable,Stable
10.39486419,33.3879855,54.21189732,46.43004613,0.330250506,,0,0,0.04543356,0,Stable,Stable
41.78664208,21.6610408,31.99823651,26.60112016,0.1070328,,0,0,2.8347774e-06,0,Stable,Stable
26.50447875,26.07918934,33.06326801,27.70775972,0.868216309,,0,0,8.667835e-06,0,Stable,Stable
47.38884945,21.99261849,41.58403504,41.02088545,0.877054423,,0,0,0.00015610363,0,Stable,Stable
39.32087767,40.89607562,19.94650611,14.31433505,0.98920712,,0,0,9.378837e-06,0,Stable,Stable
31.56140144,44.31548658,37.4229071,49.89762941,0.887409024,,0,0,2.0121795e-06,0,Stable,Stable
14.11079826,38.41901487,40.51216371,25.04034908,0.621589059,,0,0,2.4380955e-07,0,Stable,Stable
22.56300954,40.67197051,54.83388246,16.59163322,0.289288792,,0,0,2.1189362e-06,0,Stable,Stable
40.71950632,31.42247677,14.00886612,11.24759287,0.212391197,,0,0,7.043251e-08,0,Stable,Stable
37.36384522,38.99465303,44.90815184,25.73711438,0.40344823,,0,0,7.2967865e-08,0,Stable,Stable
32.43058403,32.3709767,51.34610765,21.92943931,0.668849705,108.2671764,0,0,2.3962007e-06,0,Stable,Stable
48.17478181,29.78045413,54.93020316,19.74700488,0.326930613,172.2781998,0,0,4.065962e-06,0,Stable,Stable
49.41066499,39.74329408,32.22689032,30.57752151,0.465711599,,0,0,4.6927205e-08,0,Stable,Stable
37.12799405,38.21605473,19.60822925,23.06257341,0.845080064,,0,0,2.1760174e-07,0,Stable,Stable
21.99330861,32.33790341,52.30440539,9.686456116,0.705680078,,0,0,4.0708783e-06,0,Stable,Stable
45.23484193,38.97803149,39.83864719,35.57694479,0.298578264,,0,0,5.1663076e-08,0,Stable,Stable
23.24082261,23.71730766,48.88976665,21.14711964,0.575479725,,0,0,3.8063994e-05,0,Stable,Stable
20.30769277,32.42221871,18.92498575,11.63759878,0.309377964,,0,0,6.877051e-08,0,Stable,Stable
49.02212687,23.91680336,59.21085073,8.989287822,0.679972487,130.2626248,0,0,0.0010651809,0,Stable,Stable
31.39893556,21.21057366,19.3771145,46.50910433,0.378632909,,0,0,1.3755391e-05,0,Stable,Stable
14.12461442,41.03257874,25.96763077,15.80480206,0.520644839,,0,0,1.6102508e-07,0,Stable,Stable
25.70929782,39.1451022,59.1357496,9.855510852,0.691117533,130.9290432,0,0,1.8799323e-05,0,Stable,Stable
35.98304848,39.84876718,57.97158681,27.04796705,0.074448522,,0,0,2.571189e-06,0,Stable,Stable
47.64432439,27.03196125,56.58450322,16.32369847,0.689617036,,0,0,0.00015888827,0,Stable,Stable
17.20002929,43.47644147,32.6737227,27.71561953,0.020190468,,0,0,4.287024e-08,0,Stable,Stable
21.19585674,27.32701361,39.07682796,44.02729489,0.236210496,,0,0,7.9044145e-07,0,Stable,Stable
47.5285639,31.00461202,35.25495309,34.22153469,0.043445676,,0,0,5.3195475e-08,0,Stable,Stable
32.00911462,32.5346942,26.42677385,11.80822081,0.805692566,,0,0,6.4415036e-07,0,Stable,Stable
40.0340917,33.60650055,37.56357703,8.054154636,0.05589947,,0,0,9.931838e-08,0,Stable,Stable
22.02591215,35.21565498,23.03803899,49.08915023,0.98111523,,0,0,6.9712523e-06,0,Stable,Stable
27.21098474,34.09976959,23.32494484,43.1410114,0.274050289,,0,0,8.631349e-08,0,Stable,Stable
20.28715447,33.08110598,49.16066922,24.79278789,0.267139597,,0,0,1.5043624e-07,0,Stable,Stable
35.18859665,32.48568992,56.35964369,48.15972914,0.068332881,,0,0,1.1125947e-05,0,Stable,Stable
30.52233896,39.35750294,56.18380225,7.18543542,0.658645955,148.8310203,0,0,1.8591225e-05,0,Stable,Stable
11.99305079,44.31671975,52.39888586,19.34771337,0.182624621,,0,0,5.836472e-07,0,Stable,Stable
17.35577131,42.63870704,20.53584372,32.71840441,0.486698138,,0,0,3.6912425e-08,0,Stable,Stable
46.35406965,42.09713658,42.26949438,47.89936897,0.833266254,,0,0,1.0273023e-06,0,Stable,Stable
11.32356759,36.16469876,52.31840267,47.71520975,0.367709026,,0,0,0.00012425403,0,Stable,Stable
39.57241765,28.02790336,13.30521809,22.74585474,0.333201294,,0,0,8.178048e-08,0,Stable,Stable
14.89704412,32.14558418,33.14799077,30.15453102,0.368921097,,0,0,1.105142e-07,0,Stable,Stable
48.34209651,26.7865346,12.48952115,34.02438701,0.463289147,,0,0,1.3185935e-07,0,Stable,Stable
49.24762712,25.35271029,39.67904953,10.19841143,0.851656735,,0,0,4.324718e-05,0,Stable,Stable
24.24618091,44.14089572,55.67551577,15.66930013,0.342716901,,0,0,2.1868593e-06,0,Stable,Stable
5.696710661,37.24629072,55.12158246,8.100113032,0.637801262,,1,1,0.9999876,0,Failure Risk,Failure Risk
17.10069371,35.78745707,34.45512909,40.99042361,0.970313659,,0,0,3.3251047e-06,0,Stable,Stable
36.93952778,36.69254393,42.82045698,36.22942634,0.91194509,,0,0,2.3860373e-06,0,Stable,Stable
33.39563871,41.49998047,56.50763863,24.12892823,0.719709499,,0,0,2.1088697e-05,0,Stable,Stable
35.59265419,34.32676646,36.50410671,5.781918365,0.843436015,,0,0,8.9729724e-07,0,Stable,Stable
17.83686479,26.89747042,31.10530239,22.98265944,0.504009717,,0,0,2.8480991e-07,0,Stable,Stable
19.6059351,35.09646406,46.19076547,43.76863645,0.7573945,,0,0,1.3702788e-06,0,Stable,Stable
29.49065409,39.12223822,29.33311265,28.53601912,0.829710336,,0,0,2.0853302e-07,0,Stable,Stable
45.06899917,25.11359894,58.85515702,21.93251795,0.207700937,,0,0,7.049903e-05,0,Stable,Stable
15.3441316,36.21990412,31.26294593,47.05108518,0.451545885,,0,0,9.062662e-07,0,Stable,Stable
30.24719309,26.95835939,54.27808119,9.302447264,0.20671993,,0,0,5.6534627e-06,0,Stable,Stable
39.10308318,37.19980047,18.07894909,10.64593406,0.791354155,,0,0,2.9226024e-07,0,Stable,Stable
26.87939098,20.28126306,59.27430288,5.241469605,0.447878116,,0,0,0.00017979402,0,Stable,Stable
43.52428995,38.97302595,10.4482668,21.92583653,0.98656253,,0,0,5.7006946e-06,0,Stable,Stable
15.53342918,43.38423749,46.32307857,43.27891467,0.879023052,,0,0,7.5498106e-06,0,Stable,Stable
12.77553433,31.7959866,19.58989329,7.788562742,0.542752278,138.6852477,0,0,5.261019e-07,0,Stable,Stable
40.53944695,22.26421184,25.25908371,26.09472103,0.968464849,,0,0,0.0003030708,0,Stable,Stable
47.15482773,22.03635537,55.56228387,47.04649538,0.312700251,,0,0,0.00019370143,0,Stable,Stable
14.35497593,39.37562639,56.79781226,39.99142408,0.570875433,,0,0,3.3886743e-05,0,Stable,Stable
29.09748719,37.6396645,35.64867364,47.09516698,0.826547807,,0,0,1.0605899e-06,0,Stable,Stable
33.87858991,20.6743655,16.88032235,41.88639536,0.622063631,,0,0,2.1709093e-05,0,Stable,Stable
10.88306328,44.51635479,21.95149416,49.70087706,0.064003109,,0,0,2.553076e-06,0,Stable,Stable
38.20657719,32.18356327,11.03606085,16.33303561,0.692094035,,0,0,2.059167e-07,0,Stable,Stable
10.54556006,34.4380322,28.00724864,13.3147684,0.794607643,,0,0,0.0001558129,0,Stable,Stable
18.15482821,28.69524124,21.47339603,14.44484488,0.494941,,0,0,1.8623136e-07,0,Stable,Stable
10.29544307,41.09059471,41.60228946,23.99303838,0.817782165,,0,0,2.1979424e-05,0,Stable,Stable
18.38046864,44.92027351,10.62292059,23.48112391,0.28734518,,0,0,3.671624e-08,0,Stable,Stable
31.68294228,24.38419506,30.1847105,22.64771056,0.563614314,,0,0,1.5747567e-06,0,Stable,Stable
34.33881713,21.39267239,47.98604015,39.33053747,0.913460024,,0,0,0.0004576585,0,Stable,Stable
34.50011888,30.52246306,31.29484321,16.10047896,0.791643337,,0,0,1.3398876e-06,0,Stable,Stable
44.80234407,23.25408985,57.88626382,5.588864773,0.470464762,,0,0,0.00017979402,0,Stable,Stable
6.807551628,27.29054723,34.17175288,19.11298233,0.844286421,,1,1,0.99999857,0,Failure Risk,Failure Risk
14.3818793,23.19357819,29.29251046,29.57920716,0.04181045,,0,0,8.759075e-06,0,Stable,Stable
37.58039565,38.97391628,37.77184889,43.82284822,0.560064681,,0,0,1.3689123e-07,0,Stable,Stable
8.131180259,20.50167739,38.61622877,23.10648544,0.617303496,,1,1,0.99999654,0,Failure Risk,Failure Risk
20.80919954,23.46957535,19.76927323,17.77813986,0.165087562,,0,0,8.0158844e-07,0,Stable,Stable
27.11070906,34.88873201,17.79820096,22.37304575,0.04150584,122.2341012,0,0,3.8021806e-08,0,Stable,Stable
27.48516097,22.30927098,40.46963155,19.84695826,0.088417785,,0,0,3.6052654e-06,0,Stable,Stable
49.06678395,34.836905,15.2915206,9.114264518,0.482123477,227.434129,0,0,6.5913554e-08,0,Stable,Stable
15.35002036,22.80275385,54.69692297,42.39287888,0.355099763,,0,0,0.010140908,0,Stable,Stable
37.91052928,31.95555287,40.82248236,28.43896087,0.503811025,,0,0,1.2026375e-07,0,Stable,Stable
10.40012373,42.40206402,14.56846554,18.84523317,0.29365327,,0,0,7.3945664e-08,0,Stable,Stable
33.2682172,23.15274953,38.3486222,21.46066333,0.768222024,,0,0,3.1202508e-05,0,Stable,Stable
5.999928778,37.08875793,58.28360751,30.60985301,0.067088828,,1,1,0.9155759,0,Failure Risk,Failure Risk
12.183347,41.69272369,53.5024383,28.53045877,0.333190001,123.8487687,0,0,8.704114e-07,0,Stable,Stable
32.17103456,23.54270274,46.59631788,8.693960708,0.763289498,,0,0,0.00014750221,0,Stable,Stable
38.15375994,38.77661708,29.52729915,25.46150302,0.777749916,,0,0,1.711186e-07,0,Stable,Stable
29.58393071,22.70173238,25.42458585,15.0010845,0.130303067,,0,0,1.4293789e-06,0,Stable,Stable
20.95821925,21.99439813,24.32928212,29.89251744,0.09988735,,0,0,2.544896e-06,0,Stable,Stable
47.36415523,37.67322838,47.19602907,41.76955941,0.115870188,,0,0,2.481864e-07,0,Stable,Stable
23.60932352,36.85908955,26.13029254,22.22841396,0.747262408,,0,0,1.5217078e-07,0,Stable,Stable
45.05518113,20.41777734,48.84498279,17.2503354,0.437321966,,0,0,2.440854e-05,0,Stable,Stable
6.577922706,27.24240051,26.6518632,24.68163983,0.868145153,139.395423,1,1,0.9999944,0,Failure Risk,Failure Risk
36.16004666,44.34764184,48.68225912,10.53101488,0.68188006,,0,0,1.0139966e-06,0,Stable,Stable
31.15772294,25.57634887,35.01281047,39.26403311,0.472256084,,0,0,1.6050029e-06,0,Stable,Stable
22.9269954,28.19502422,48.60417712,31.54783924,0.882912765,,0,0,7.6971e-05,0,Stable,Stable
8.590867095,31.06097973,15.74225761,15.78487102,0.721327527,,0,0,0.02352057,0,Stable,Stable
5.591001817,40.51720021,30.94146897,49.26801338,0.912864706,,1,1,0.99482405,0,Failure Risk,Failure Risk
5.055954749,30.6515105,42.32525036,45.7213517,0.868205758,,1,1,0.99999917,0,Failure Risk,Failure Risk
28.19961473,34.22000872,19.15987976,43.9752719,0.882438775,,0,0,5.7088164e-07,0,Stable,Stable
31.46417562,21.98520611,11.79438644,38.00161623,0.274553846,,0,0,2.4188091e-06,0,Stable,Stable
39.71210849,41.30091543,16.31668207,42.01854039,0.482322852,,0,0,4.8671094e-08,0,Stable,Stable
44.67415796,37.80331211,12.83745451,11.35660789,0.632775915,,0,0,1.3479259e-07,0,Stable,Stable
37.48593083,38.64912119,35.870763,19.97160967,0.863579236,,0,0,5.3379296e-07,0,Stable,Stable
7.95606932,39.51561363,17.95525196,35.05202844,0.143815162,,0,0,9.167595e-08,0,Stable,Stable
18.52843679,42.81187464,40.91972726,31.57570791,0.134969336,,0,0,4.342434e-08,0,Stable,Stable
46.48498185,25.88791546,58.33033859,17.66261649,0.859014481,,0,0,0.001657849,0,Stable,Stable
6.611418249,31.60348006,55.8854835,16.75538692,0.471929955,,1,1,0.99999213,0,Failure Risk,Failure Risk
29.07071529,40.66108786,27.05513319,14.18770604,0.220987693,,0,0,6.4932394e-08,0,Stable,Stable
24.9973262,34.24742598,54.23981015,29.22155245,0.332199872,,0,0,1.4662468e-06,0,Stable,Stable
17.25730607,21.89634464,38.47813703,45.863107,0.163060657,,0,0,2.2333548e-05,0,Stable,Stable
24.30156685,29.12628173,14.7463618,31.07688347,0.006355807,,0,0,9.115757e-08,0,Stable,Stable
49.16982821,30.63588232,32.25205375,42.32544815,0.099733812,,0,0,1.1724313e-07,0,Stable,Stable
15.19091113,42.29338653,48.54685187,47.96214654,0.547429137,,0,0,1.759118e-06,0,Stable,Stable
21.27403975,21.71711716,57.3164505,39.5777072,0.587144264,,0,0,0.0006825985,0,Stable,Stable
27.12260052,41.7337336,20.46839184,8.71578966,0.559861925,,0,0,8.806944e-08,0,Stable,Stable
34.71738981,33.32568762,29.54258403,17.34888734,0.27218503,,0,0,7.746676e-08,0,Stable,Stable
45.56240856,28.66249428,13.67060468,13.12227194,0.107587714,,0,0,1.2143087e-07,0,Stable,Stable
24.42725983,34.9032847,46.84827774,24.45115649,0.769920054,,0,0,1.8148719e-06,0,Stable,Stable
27.75944491,35.67319707,27.68549667,43.34040021,0.516768751,,0,0,7.449194e-08,0,Stable,Stable
30.39535255,36.41967527,14.26921248,36.74917295,0.9648233,,0,0,2.6543685e-06,0,Stable,Stable
37.46646872,34.65906261,47.33675599,48.26004018,0.789603557,,0,0,2.4329654e-06,0,Stable,Stable
47.70230591,21.84960125,42.65243709,18.98692317,0.937612181,,0,0,0.00035236974,0,Stable,Stable
48.79673345,25.3720243,47.62038214,18.65649388,0.901491871,,0,0,0.0006109882,0,Stable,Stable
12.2421655,30.72808294,25.83635219,37.38889524,0.015922517,,0,0,3.0229253e-07,0,Stable,Stable
29.06000397,34.02536133,25.5602587,25.79988967,0.876575144,,0,0,5.757318e-07,0,Stable,Stable
42.51234014,37.64063051,53.76341019,13.06757793,0.461853333,,0,0,3.9846404e-07,0,Stable,Stable
14.39766592,44.73387538,38.4643239,6.084612804,0.184683352,,0,0,1.3053236e-07,0,Stable,Stable
21.66032686,34.23227817,29.90888923,36.37708295,0.461179797,,0,0,5.5067268e-08,0,Stable,Stable
12.88947553,21.28746705,43.00717598,30.18112885,0.195358997,,0,0,0.00072102144,0,Stable,Stable
12.53403265,40.50104478,57.76007696,15.34135283,0.771171414,,0,0,0.0024575244,0,Stable,Stable
23.46375261,31.93412209,56.63504083,44.20641758,0.322157683,,0,0,8.68976e-06,0,Stable,Stable
42.29700157,43.09944203,41.50242435,19.14934396,0.136427142,,0,0,5.1875173e-08,0,Stable,Stable
34.28975683,28.18717522,31.72017861,13.70382521,0.520385453,,0,0,2.9486134e-07,0,Stable,Stable
15.2464421,22.63872842,26.91166416,21.17219401,0.474787016,,0,0,1.4245642e-05,0,Stable,Stable
11.32726118,44.79446429,41.1710701,14.9436609,0.491885635,,0,0,4.1807365e-07,0,Stable,Stable
49.95243329,32.92793262,36.63078082,27.18624526,0.695652216,,0,0,1.604686e-07,0,Stable,Stable
17.98062577,36.05133119,41.32544402,48.63111593,0.390973209,,0,0,7.743505e-07,0,Stable,Stable
12.72357578,29.99189726,53.63970856,21.58379001,0.884603056,,1,0,0.20435414,1,Failure Risk,Stable
44.41485746,44.30536627,28.57041654,23.64333636,0.456505986,,0,0,5.166219e-08,0,Stable,Stable
34.20912832,24.45039868,55.19645264,39.18770867,0.170967952,124.4173633,0,0,0.00011408234,0,Stable,Stable
47.44234075,41.2352897,36.50122128,39.87592584,0.124177774,,0,0,9.3325006e-08,0,Stable,Stable
36.21835844,24.79008394,41.18334541,25.88586256,0.691292659,149.3941682,0,0,8.645709e-06,0,Stable,Stable
17.83839744,30.20025579,35.06217335,20.9592804,0.99596503,,0,0,9.135387e-06,0,Stable,Stable
29.48055311,30.05919988,34.45812366,26.0282522,0.226439341,,0,0,5.674663e-08,0,Stable,Stable
29.33457048,39.53281571,14.18846,25.01447529,0.761699945,,0,0,1.2710744e-07,0,Stable,Stable
25.52474298,25.32846188,44.45037554,18.64113814,0.557719857,,0,0,7.92614e-06,0,Stable,Stable
36.246015,42.69399978,50.60019697,27.76916112,0.900471761,,0,0,6.9250145e-06,0,Stable,Stable
49.88215071,20.0413122,40.1593744,7.166407401,0.584734607,,0,0,5.623643e-05,0,Stable,Stable
45.01152329,43.95773407,28.46666989,10.97851255,0.850633235,,0,0,6.573038e-07,0,Stable,Stable
21.16237724,30.88180597,49.44101532,42.4743598,0.058092229,,0,0,4.958114e-07,0,Stable,Stable
9.048527549,24.68296549,25.74450933,30.96173457,0.836002031,,1,1,0.9997178,0,Failure Risk,Failure Risk
34.39722046,34.67758388,14.48739188,49.49918523,0.604002799,,0,0,3.287534e-07,0,Stable,Stable
26.22437606,38.10445088,13.72984797,12.24802989,0.111616814,,0,0,5.849171e-08,0,Stable,Stable
48.62896437,38.04213998,12.24206875,31.02620838,0.657673344,,0,0,6.83278e-08,0,Stable,Stable
21.09382473,32.46495081,39.22152183,5.787971664,0.985172903,161.3377078,0,0,1.0577258e-05,0,Stable,Stable
24.16177159,35.71601629,13.72176613,31.01929886,0.81291876,,0,0,1.6626322e-07,0,Stable,Stable
35.82634772,20.77932706,38.87581565,14.22371443,0.63115554,,0,0,6.351298e-05,0,Stable,Stable
48.93859501,28.08868396,41.16068391,34.76942267,0.195961083,152.52991,0,0,1.7088149e-07,0,Stable,Stable
26.11770252,29.83785032,56.31015083,27.75819495,0.012950718,,0,0,4.2489173e-06,0,Stable,Stable
9.351037235,42.43556428,58.18113053,31.93180741,0.112690602,,0,0,7.884803e-05,0,Stable,Stable
39.64361026,22.9993827,40.35949417,28.90744407,0.640762399,,0,0,1.9431222e-05,0,Stable,Stable
35.52769159,32.32135847,55.18621129,28.01780386,0.014559,,0,0,2.3020843e-06,0,Stable,Stable
17.11780339,20.36221715,17.36029927,11.04378475,0.409921634,,0,0,4.708798e-06,0,Stable,Stable
28.01787641,20.57051825,27.71198621,46.82723753,0.846639687,,0,0,0.00010982419,0,Stable,Stable
19.72362226,42.71892042,18.35075134,22.65316634,0.700586775,,0,0,7.864286e-08,0,Stable,Stable
46.00603201,29.57760417,49.94960443,6.864074004,0.649979323,,0,0,7.915957e-06,0,Stable,Stable
36.39356703,39.48048208,45.62353687,5.401526229,0.073481556,,0,0,1.32962e-07,0,Stable,Stable
17.2993694,26.5411813,20.19112402,21.11896042,0.952631452,,0,0,2.5315938e-05,0,Stable,Stable
11.7223046,29.90179635,13.14266468,24.64767439,0.934270177,,0,0,0.00069731934,0,Stable,Stable
10.46491771,36.21244378,49.23101462,14.79701722,0.695656801,,0,0,0.0011753808,0,Stable,Stable
7.018625128,38.12348602,12.04996741,27.23822914,0.04955842,,0,0,3.3748627e-06,0,Stable,Stable
21.19826862,29.64821291,17.82881914,47.20500821,0.414107607,,0,0,3.9221123e-07,0,Stable,Stable
28.41765017,43.95086299,12.51870857,27.49977261,0.736126073,,0,0,1.1541829e-07,0,Stable,Stable
9.969546709,20.7795216,27.27985397,47.04020368,0.699623077,,1,1,0.9998591,0,Failure Risk,Failure Risk
49.3446823,29.67894265,46.9078489,14.42720858,0.257432591,,0,0,2.9171446e-07,0,Stable,Stable
37.30233993,27.67604814,36.79338414,28.04667201,0.183343787,,0,0,1.4608757e-07,0,Stable,Stable
5.341613728,28.85424196,22.01950316,37.32375296,0.986354228,,1,1,0.99998367,0,Failure Risk,Failure Risk
35.5853809,35.70136328,52.71443994,9.916163742,0.359223463,,0,0,3.3279744e-07,0,Stable,Stable
32.75205488,34.86160121,10.74051204,41.7644543,0.040656869,,0,0,5.1124033e-08,0,Stable,Stable
44.08590344,29.66121646,13.54119974,28.96163907,0.451220522,,0,0,5.8291675e-08,0,Stable,Stable
23.24845198,37.52482235,40.95942316,27.60466052,0.677086392,,0,0,1.2845277e-07,0,Stable,Stable
42.10841606,43.01401755,50.77826079,29.33545432,0.997136518,,0,0,2.5494031e-05,0,Stable,Stable
41.72565081,21.58880325,34.57246156,42.56451382,0.685728765,,0,0,4.131699e-05,0,Stable,Stable
26.07842953,23.14102443,49.5018157,38.87769144,0.823545646,,0,0,0.00018481682,0,Stable,Stable
32.81685306,37.0055101,10.30507056,40.88228631,0.565489615,,0,0,6.169866e-08,0,Stable,Stable
7.609890761,23.01027274,32.71484555,11.43416405,0.973389425,,1,1,0.99999774,0,Failure Risk,Failure Risk
17.39190567,34.3953358,49.35929979,19.97034925,0.04043577,,0,0,1.6703927e-07,0,Stable,Stable
45.66855968,33.58574203,13.37481226,26.07077499,0.94139235,,0,0,2.0624207e-06,0,Stable,Stable
36.56740553,39.37476624,44.08137654,35.47227783,0.768317491,,0,0,9.0017284e-07,0,Stable,Stable
19.9433859,36.4207203,29.95883511,29.82539901,0.170557638,,0,0,3.2218875e-08,0,Stable,Stable
17.04500419,23.32154371,28.75240395,49.77466814,0.489108978,,0,0,1.1693594e-05,0,Stable,Stable
6.037852415,41.90507603,55.10529323,32.21332054,0.726829561,,1,1,0.9995363,0,Failure Risk,Failure Risk
15.96727095,42.99154143,32.3350919,48.20341082,0.082015384,,0,0,3.6812668e-07,0,Stable,Stable
18.73212487,30.14324232,26.33063401,43.70834495,0.922972896,,0,0,2.5508298e-06,0,Stable,Stable
24.71143024,27.25641601,41.46191878,22.54068133,0.731788667,,0,0,1.4279348e-06,0,Stable,Stable
42.78332244,20.1152484,28.12209572,36.47404014,0.23835059,,0,0,1.2229289e-05,0,Stable,Stable
39.88142438,31.77547275,45.2647609,33.32933049,0.094125593,,0,0,1.3157634e-07,0,Stable,Stable
15.82469817,44.29969205,35.14646072,7.24964067,0.206341944,,0,0,6.686323e-08,0,Stable,Stable
42.29411332,29.6313534,48.29649211,11.58259139,0.742431936,,0,0,2.5945057e-05,0,Stable,Stable
31.96851751,36.50990909,51.70458982,5.885721779,0.055667789,,0,0,2.823745e-07,0,Stable,Stable
8.478207192,41.56949778,13.80150538,11.17952791,0.35096381,,0,0,2.3434777e-07,0,Stable,Stable
48.19714573,24.85607804,35.12318797,36.20750687,0.427002398,,0,0,2.9125545e-06,0,Stable,Stable
23.70206601,42.4085826,22.10566204,13.16110319,0.390748941,,0,0,7.3178605e-08,0,Stable,Stable
27.05536563,41.43336612,38.81590749,19.88269329,0.196249985,,0,0,5.0185726e-08,0,Stable,Stable
38.64856194,40.67613728,36.08400163,6.71715381,0.644525785,,0,0,2.139929e-07,0,Stable,Stable
14.37471261,43.72882633,53.67671005,43.5502299,0.923569237,225.7653128,0,0,5.4828848e-05,0,Stable,Stable
23.19060901,29.89592022,48.97677093,9.312720308,0.27571355,,0,0,2.878071e-07,0,Stable,Stable
44.15643525,29.66355625,36.27290868,12.41997901,0.305962149,,0,0,1.33668e-07,0,Stable,Stable
39.77620218,30.05293464,27.16831829,29.94868754,0.590850804,,0,0,1.6225599e-07,0,Stable,Stable
32.12801361,27.60158844,53.13024383,20.4860581,0.687863942,,0,0,1.12076705e-05,0,Stable,Stable
9.194626665,34.93860936,21.7946452,12.01049195,0.594434722,,0,0,8.058458e-05,0,Stable,Stable
37.52429148,43.25598728,41.76601953,37.23866208,0.012778147,,0,0,7.006031e-08,0,Stable,Stable
10.11430676,20.92405876,24.20765464,48.73820129,0.791069467,,1,1,0.99972886,0,Failure Risk,Failure Risk
17.95719867,21.12452844,55.04055605,45.55037898,0.370669257,,0,0,0.00021912488,0,Stable,Stable
12.21199696,35.16252158,35.77930834,47.75895756,0.307048384,,0,0,7.172431e-06,0,Stable,Stable
42.61330945,35.07218473,58.21972942,25.28643091,0.025782259,,0,0,2.5814961e-06,0,Stable,Stable
14.85672627,20.8532476,15.27804106,12.03834317,0.264768438,,0,0,2.1331643e-05,0,Stable,Stable
39.41815519,41.27758615,55.23016868,15.06409632,0.885894331,,0,0,8.1306374e-05,0,Stable,Stable
7.678678859,20.67709137,22.66216444,48.71275609,0.003228885,,1,1,0.84124845,0,Failure Risk,Failure Risk
48.18644602,23.58068895,37.73745534,34.38613762,0.420260463,,0,0,3.9026245e-06,0,Stable,Stable
17.53827499,27.54578245,24.56566956,39.59592809,0.414324836,,0,0,4.0102702e-07,0,Stable,Stable
27.22095031,37.09946692,25.91115376,25.33845134,0.893762177,,0,0,5.694358e-07,0,Stable,Stable
35.32394273,35.11246481,33.78550482,11.0773952,0.616591663,,0,0,1.9906312e-07,0,Stable,Stable
41.78895872,20.10926612,40.1213696,21.42224902,0.972747288,,0,0,0.0010716915,0,Stable,Stable
48.37790414,25.62453539,17.55685984,36.35374928,0.667931192,,0,0,7.566255e-07,0,Stable,Stable
14.24923118,27.01193879,21.22012078,28.96750364,0.457736028,,0,0,4.5960746e-07,0,Stable,Stable
24.77517005,26.87477824,25.68503629,20.18657831,0.832673807,214.8196835,0,0,1.2991628e-06,0,Stable,Stable
11.85170586,40.96396607,11.8472343,34.51098692,0.357904477,,0,0,3.7451972e-08,0,Stable,Stable
49.5451473,33.00448505,45.46336024,39.24021974,0.753132149,,0,0,2.2795257e-06,0,Stable,Stable
42.95671218,28.44071193,17.61012238,47.07811114,0.459178563,,0,0,5.9621067e-07,0,Stable,Stable
30.17309522,36.0735303,24.06054677,32.41078297,0.837821468,,0,0,2.190083e-07,0,Stable,Stable
8.834633911,28.16025215,32.54381804,6.246340207,0.072200308,,0,0,0.00040371472,0,Stable,Stable
31.05826375,27.87194315,17.37254837,10.13407622,0.55990193,,0,0,2.0865996e-07,0,Stable,Stable
40.8461423,25.46419467,56.69586216,49.21279147,0.426706765,,0,0,0.00013804818,0,Stable,Stable
27.01988742,30.73356843,14.6221606,12.99746632,0.804657701,,0,0,7.1271376e-07,0,Stable,Stable
6.153451245,44.16744042,25.01161747,21.50062052,0.487211158,,0,0,0.00031433246,0,Stable,Stable
7.632821815,25.10995859,28.96417652,23.45369714,0.998450651,,1,1,0.9999912,0,Failure Risk,Failure Risk
22.82109558,24.06465779,45.51477357,26.94242975,0.237470839,,0,0,5.5714754e-06,0,Stable,Stable
19.81115175,37.63920505,22.40829216,42.48918012,0.156585043,,0,0,6.775535e-08,0,Stable,Stable
19.40021986,31.94125943,24.79108697,14.4745517,0.1853125,,0,0,7.830698e-08,0,Stable,Stable
37.89841468,29.60701421,10.14834798,44.41500789,0.006074434,,0,0,1.0474157e-07,0,Stable,Stable
18.98165856,42.37845065,22.63198713,18.96263733,0.288638185,,0,0,4.5442565e-08,0,Stable,Stable
46.59069654,43.24216131,11.06040253,35.10076994,0.527496571,,0,0,3.9253827e-08,0,Stable,Stable
6.14963305,35.19033815,37.61171901,7.300921661,0.525307139,,1,1,0.99308115,0,Failure Risk,Failure Risk
16.79737597,32.62781053,25.18458115,27.90564312,0.270423673,,0,0,4.2937096e-08,0,Stable,Stable
28.57883912,32.12967341,29.15863312,42.67744655,0.508120427,,0,0,1.0665655e-07,0,Stable,Stable
7.638291519,26.70511714,36.60261302,6.664915869,0.954992536,,1,1,0.99999344,0,Failure Risk,Failure Risk
36.24192185,29.60061455,10.27844303,33.91971472,0.154978619,,0,0,3.9794642e-08,0,Stable,Stable
17.80834604,36.60754001,18.41362817,46.42952608,0.37621594,,0,0,2.4228487e-07,0,Stable,Stable
45.01805099,38.6817247,18.7307925,16.60883121,0.737313795,,0,0,1.7519093e-07,0,Stable,Stable
25.66084585,37.44313798,53.8607877,30.8174359,0.504152865,,0,0,2.7980826e-07,0,Stable,Stable
38.86333973,23.50840917,34.54869775,37.91545512,0.66674277,,0,0,2.1192707e-05,0,Stable,Stable
8.673424243,28.17942356,51.46422479,24.49503664,0.412014733,,1,1,0.9331036,0,Failure Risk,Failure Risk
45.22902763,35.18817155,39.41565949,44.82424192,0.440410424,,0,0,4.218102e-07,0,Stable,Stable
22.67375826,33.58169604,34.38344146,8.736971659,0.411460611,,0,0,9.257808e-08,0,Stable,Stable
26.22121682,35.26273288,10.27917653,13.52298441,0.524553392,,0,0,6.6996385e-08,0,Stable,Stable
45.47027341,22.01528221,54.37024011,38.37031425,0.797193547,,0,0,0.0011747445,0,Stable,Stable
20.90969844,40.53889251,22.04824256,42.28880175,0.935828126,115.3965419,0,0,1.2991604e-06,0,Stable,Stable
5.544410976,35.87547675,15.04885852,13.77137154,0.398903689,,0,0,0.009845826,0,Stable,Stable
45.82803027,31.40640253,36.40151524,47.05867431,0.733154769,,0,0,2.2624595e-06,0,Stable,Stable
7.835692581,27.76195583,50.64912134,32.99845706,0.059817425,,1,1,0.9518089,0,Failure Risk,Failure Risk
23.79812875,36.44342697,32.29604759,6.460970866,0.804041845,,0,0,5.714334e-07,0,Stable,Stable
22.42810282,39.04067432,37.33777234,19.46308962,0.997037957,,0,0,4.7907884e-06,0,Stable,Stable
14.28992115,27.01011999,12.1263321,48.10717474,0.403860726,,0,0,2.8461168e-06,0,Stable,Stable
21.9041931,24.96651588,50.71915538,28.49456565,0.152587753,,0,0,8.500793e-06,0,Stable,Stable
26.21156701,43.91516264,32.82960311,34.62226699,0.480803389,,0,0,5.2981726e-08,0,Stable,Stable
32.74157113,41.55077186,41.84510964,47.47297431,0.854002968,,0,0,1.5160198e-06,0,Stable,Stable
19.7364374,25.37121274,31.81429724,20.4462148,0.02041955,,0,0,9.42339e-07,0,Stable,Stable
25.77466313,31.49945784,22.2904311,46.30741933,0.496861525,,0,0,3.5440297e-07,0,Stable,Stable
14.30359906,31.82912621,40.13629619,26.15292148,0.921228413,,0,0,2.2843218e-05,0,Stable,Stable
8.083669442,26.715291,33.55877951,46.95592074,0.624933811,,1,1,0.9999354,0,Failure Risk,Failure Risk
35.77911497,44.10882242,19.77239375,40.08661934,0.379928822,,0,0,5.2769536e-08,0,Stable,Stable
14.11153539,42.36195139,50.08371774,24.13049604,0.282094204,,0,0,3.1801366e-07,0,Stable,Stable
19.72302071,38.47264779,10.3946113,43.91959895,0.203466704,,0,0,5.355107e-08,0,Stable,Stable
12.00873919,40.46910256,21.63952141,8.65263967,0.622124568,,0,0,4.507032e-07,0,Stable,Stable
19.24135392,42.54836063,57.06659942,46.5877422,0.843641287,,0,0,2.1078866e-05,0,Stable,Stable
42.18616446,23.6800057,19.21659463,24.10878241,0.188573449,,0,0,6.4071514e-07,0,Stable,Stable
37.29405139,27.99550717,37.50605985,46.40919266,0.028566,,0,0,1.4783641e-06,0,Stable,Stable
49.16844566,38.22042582,21.52057853,38.87078323,0.076921602,,0,0,5.0168598e-08,0,Stable,Stable
29.67493993,41.44798871,53.9803101,42.5674144,0.229799678,,0,0,3.533912e-06,0,Stable,Stable
42.2452011,37.51748303,46.92487396,35.21755645,0.860551177,,0,0,3.416009e-06,0,Stable,Stable
10.92173347,28.06387327,59.42688788,14.92333108,0.711665467,,1,1,0.9987043,0,Failure Risk,Failure Risk
28.67822645,39.34895199,46.47896276,46.1789238,0.743714307,,0,0,1.7979171e-06,0,Stable,Stable
25.64279709,24.56496874,11.55473069,10.57992174,0.134292901,,0,0,4.5198635e-07,0,Stable,Stable
47.58390046,40.73731591,16.81864905,45.31059512,0.616468558,,0,0,2.7472413e-07,0,Stable,Stable
30.57372971,28.11732142,29.5018824,13.56541435,0.421541029,,0,0,1.981468e-07,0,Stable,Stable
32.27150536,25.85397863,17.17926351,32.765205,0.150983253,,0,0,2.5812128e-07,0,Stable,Stable
12.52381345,36.77486205,52.39875394,43.22867345,0.255920232,162.7236486,0,0,3.9247534e-06,0,Stable,Stable
23.8214999,41.49686875,42.63823649,49.64027247,0.428003438,,0,0,8.2071654e-07,0,Stable,Stable
41.03990467,29.33600653,38.23757818,8.927185882,0.671875483,,0,0,8.2573087e-07,0,Stable,Stable
19.15457439,39.62280386,46.93554787,34.81246676,0.691319829,,0,0,5.4069994e-07,0,Stable,Stable
40.13230981,42.85908801,30.82606964,22.04763714,0.906550008,,0,0,1.2292242e-06,0,Stable,Stable
37.6591494,36.54028741,24.76711011,5.675887763,0.516416448,,0,0,8.275474e-08,0,Stable,Stable
28.01492753,24.22482312,36.55429082,35.44422193,0.643917265,,0,0,9.079721e-06,0,Stable,Stable
48.23850096,27.44936381,50.51814363,22.35536946,0.011997647,,0,0,7.0844715e-07,0,Stable,Stable
10.22813488,42.51288731,32.12673891,40.24881446,0.648361467,102.9202436,0,0,7.4314755e-07,0,Stable,Stable
8.034073979,37.88383866,26.17055662,43.03755001,0.456313926,,0,0,4.1967895e-05,0,Stable,Stable
42.16340455,33.92023605,31.47866755,8.957918904,0.73432105,,0,0,5.640117e-07,0,Stable,Stable
44.97466166,23.72744736,39.85871797,43.33742871,0.445434935,,0,0,1.2093594e-05,0,Stable,Stable
30.10769336,33.00796521,34.5712915,38.18944391,0.571157452,,0,0,1.6345778e-07,0,Stable,Stable
35.57513011,28.16113813,14.11207716,44.51527223,0.426056495,,0,0,3.0506263e-07,0,Stable,Stable
35.86681493,21.98559249,27.65732963,12.00450386,0.523361429,,0,0,4.883922e-06,0,Stable,Stable
20.72635232,28.63768868,52.40826967,17.80912915,0.064831226,,0,0,1.0087592e-06,0,Stable,Stable
42.44279435,25.04893686,42.82553245,8.704731181,0.087343676,,0,0,2.0098762e-06,0,Stable,Stable
21.18365344,29.81426801,54.28213748,19.08932151,0.085026268,,0,0,2.1559817e-06,0,Stable,Stable
9.802173734,44.85255708,30.78441138,15.50076147,0.036634842,,0,0,1.9786108e-07,0,Stable,Stable
10.29731896,27.76341938,16.11893831,25.71177287,0.272381572,,0,0,4.3042323e-06,0,Stable,Stable
36.33691324,34.8050045,26.05095397,19.87257987,0.991854379,,0,0,5.7160573e-06,0,Stable,Stable
43.24890952,25.62496693,59.43786201,29.00780776,0.763991674,,0,0,0.0009641673,0,Stable,Stable
13.0339807,42.94314523,15.30469189,23.57463427,0.920731708,,0,0,1.4201518e-05,0,Stable,Stable
44.36158929,25.57297154,27.77841775,44.0642961,0.433589418,154.5999183,0,0,9.260923e-07,0,Stable,Stable
39.54227088,42.99411585,22.2600273,17.51822041,0.616127551,,0,0,1.1215781e-07,0,Stable,Stable
41.43891728,33.23414969,56.60698157,44.66467287,0.008844027,,0,0,9.1327565e-06,0,Stable,Stable
8.206370839,44.82407001,24.44036775,22.84290483,0.531623159,,0,0,9.0238353e-07,0,Stable,Stable
36.89173402,34.50584559,12.0972298,29.26691899,0.101745957,,0,0,3.304974e-08,0,Stable,Stable
19.41628867,39.35496649,18.7455612,9.987658956,0.824972851,,0,0,3.5580024e-07,0,Stable,Stable
45.42073692,34.83875224,46.6169776,27.9428944,0.412156154,,0,0,1.4225844e-07,0,Stable,Stable
34.42234837,30.67106972,12.15170917,45.56130097,0.175024723,175.4019204,0,0,2.632371e-07,0,Stable,Stable
45.92745693,35.00517144,15.92661205,20.90866635,0.385507542,,0,0,3.38774e-08,0,Stable,Stable
13.13491797,40.06692137,20.54009515,30.77438533,0.962225195,,0,0,5.2124466e-05,0,Stable,Stable
35.42252023,21.0771054,55.16342972,39.30076755,0.679947626,,0,0,0.00093613926,0,Stable,Stable
13.14783046,29.99469369,33.86476063,38.76649291,0.241063519,,0,0,3.416852e-07,0,Stable,Stable
44.88962249,43.54370906,59.23494758,40.64019385,0.323047046,,0,0,5.8416726e-06,0,Stable,Stable
21.93667823,24.16309657,25.52389782,30.49398345,0.486184863,,0,0,1.368504e-06,0,Stable,Stable
46.24107569,38.27152058,18.34561064,28.20120486,0.886532593,,0,0,5.113374e-07,0,Stable,Stable
45.72896555,36.56501257,45.67521376,43.37029238,0.759874329,,0,0,1.4568093e-06,0,Stable,Stable
31.99285495,23.41827065,24.05846407,14.46908946,0.05870442,,0,0,9.741843e-07,0,Stable,Stable
49.85268805,28.69643303,31.22631323,36.56361984,0.976625668,,0,0,8.172298e-06,0,Stable,Stable
33.01321408,38.86554457,14.9336049,29.37721892,0.107736012,188.7003598,0,0,3.262653e-08,0,Stable,Stable
9.711030573,42.38379668,53.22995732,32.37954058,0.202227322,,0,0,1.8540746e-06,0,Stable,Stable
26.77958376,43.7271704,14.35023452,14.28419277,0.16580483,,0,0,5.7013075e-08,0,Stable,Stable
21.34079197,27.5613845,19.52963307,15.58568874,0.260726955,,0,0,1.6400087e-07,0,Stable,Stable
45.42165877,22.36937803,36.30618059,14.25290299,0.639181219,,0,0,2.9656052e-05,0,Stable,Stable
19.08451321,25.96624226,42.51553859,28.68820705,0.084020651,,0,0,6.352133e-07,0,Stable,Stable
20.45499275,20.24501317,36.8024198,21.05460097,0.708677344,,0,0,6.34421e-05,0,Stable,Stable
10.10995447,29.39251936,28.06083094,10.01224543,0.373196849,,0,0,7.042095e-05,0,Stable,Stable
18.07264612,44.82892596,47.28334186,22.72147461,0.159310005,,0,0,1.2316646e-07,0,Stable,Stable
28.36685365,39.02506569,21.8851642,17.90322589,0.725591332,,0,0,1.5190399e-07,0,Stable,Stable
44.3150895,37.1608533,51.9641701,39.64123925,0.294284012,,0,0,4.956918e-07,0,Stable,Stable
48.51749315,39.42899241,55.85510089,42.30459983,0.884677997,,0,0,3.7193906e-05,0,Stable,Stable
35.33945722,40.00328402,21.93994233,8.251367563,0.072983653,,0,0,7.212423e-08,0,Stable,Stable
48.5986701,30.30123065,30.1761726,42.33483447,0.443905006,,0,0,1.4839533e-07,0,Stable,Stable
8.662564248,41.37194292,33.4710901,33.00364132,0.124657969,,0,0,1.2609725e-07,0,Stable,Stable
9.69094395,28.550846,27.81459436,15.68833478,0.680423698,,0,0,0.20760964,0,Stable,Stable
6.888772681,22.83064481,24.36786854,10.55857724,0.293962181,145.1004324,1,1,0.99984014,0,Failure Risk,Failure Risk
44.10711961,35.0172223,48.64640123,38.32203958,0.044807572,,0,0,1.7873198e-07,0,Stable,Stable
14.22122146,24.18907278,30.23014502,41.10087942,0.923816583,,0,0,0.0011534716,0,Stable,Stable
21.20294721,26.79889615,46.03571188,45.97669996,0.528744861,,0,0,4.946674e-06,0,Stable,Stable
33.14735767,28.35394315,19.85170319,18.62367314,0.957871821,,0,0,1.530274e-05,0,Stable,Stable
19.76927759,42.53723825,22.01007629,19.69854743,0.636626409,,0,0,8.086287e-08,0,Stable,Stable
13.62177274,42.06884521,55.22549699,24.13288205,0.012698757,,0,0,1.03882585e-05,0,Stable,Stable
22.77843464,30.35069809,54.20825519,10.37686069,0.833270649,,0,0,0.00010289243,0,Stable,Stable
7.562657691,43.95376869,37.33341512,42.32156831,0.880168056,,0,0,0.0013329015,0,Stable,Stable
7.384045699,33.01725219,36.95309452,13.17488334,0.839656507,,1,1,0.9995142,0,Failure Risk,Failure Risk
21.06426615,23.91376687,15.49549699,35.98875208,0.209818927,,0,0,5.608578e-07,0,Stable,Stable
13.2114349,26.3168553,41.50511414,8.327943152,0.41587545,,0,0,1.3181804e-05,0,Stable,Stable
18.17657848,21.54538084,14.72561725,24.74247381,0.016081402,,0,0,1.2734299e-06,0,Stable,Stable
17.36352646,27.08670803,14.90985829,14.98198332,0.236612661,,0,0,1.74144e-07,0,Stable,Stable
20.52001284,28.04492271,10.30479525,38.82719766,0.540991938,,0,0,1.5042046e-07,0,Stable,Stable
12.06764978,24.24900156,50.55537065,48.66317889,0.371915491,,0,0,0.018107757,0,Stable,Stable
43.65708484,32.40649945,37.57887512,10.52080421,0.507549242,,0,0,1.4935851e-07,0,Stable,Stable
37.69367871,32.66623104,50.82023915,5.408581636,0.948175615,,0,0,9.350261e-05,0,Stable,Stable
9.090450566,30.07274041,59.7103995,43.99189446,0.431196251,,1,1,0.96739846,0,Failure Risk,Failure Risk
20.57833885,38.15564262,15.39509597,36.37585845,0.09592377,,0,0,2.5069218e-08,0,Stable,Stable
29.52537871,21.72586042,38.98374139,9.443315234,0.105810658,,0,0,3.7587126e-06,0,Stable,Stable
43.376275,44.04194487,53.60215909,16.92488773,0.09782695,,0,0,2.5784325e-07,0,Stable,Stable
32.95859401,34.92378043,16.59258983,41.22728616,0.853597795,,0,0,3.3429123e-07,0,Stable,Stable
37.39042681,21.30511774,56.72369651,9.067594644,0.968100326,,0,0,0.007159639,0,Stable,Stable
41.9506747,24.64302964,50.81160854,12.38636271,0.405549374,208.3207111,0,0,1.0220595e-05,0,Stable,Stable
10.98889876,37.90999626,27.54124068,18.70942317,0.70793628,,0,0,4.5564948e-07,0,Stable,Stable
22.3503296,33.61133039,30.48727115,17.55134581,0.602159539,,0,0,2.1709641e-07,0,Stable,Stable
41.55811178,20.52153682,37.72838952,42.84397675,0.271637383,,0,0,2.3708833e-05,0,Stable,Stable
10.7635329,43.8328124,18.47521363,6.932757396,0.278902819,,0,0,1.3568481e-07,0,Stable,Stable
11.57408149,35.75525656,55.81306075,42.92388734,0.214115891,,0,0,0.00014245129,0,Stable,Stable
46.46289146,42.53609215,47.66533691,12.26617167,0.337361086,,0,0,1.8601641e-07,0,Stable,Stable
8.060012764,35.14902019,29.57092361,20.29914701,0.019954476,,0,0,1.431791e-05,0,Stable,Stable
35.51271696,20.55234368,33.83352481,10.79020134,0.032269309,,0,0,6.5992444e-06,0,Stable,Stable
39.77802249,20.54658881,52.52462891,15.17488638,0.558290328,,0,0,7.215553e-05,0,Stable,Stable
40.03618319,42.63212357,31.03415621,19.40020339,0.087929262,,0,0,4.9221143e-08,0,Stable,Stable
32.6783003,42.38587752,29.5948583,17.50257427,0.325442097,,0,0,6.3102796e-08,0,Stable,Stable
34.45350211,41.24491677,31.08282634,33.62681336,0.28129417,,0,0,2.4984157e-08,0,Stable,Stable
28.69320274,21.80933358,23.8488433,19.88566767,0.723637846,,0,0,1.5971416e-05,0,Stable,Stable
25.34037296,20.60593985,43.80541459,23.97709409,0.497196355,,0,0,2.9851382e-05,0,Stable,Stable
33.21265349,30.50086767,16.87237448,32.45614471,0.29091892,,0,0,5.085872e-08,0,Stable,Stable
18.72991356,25.76337805,27.41184655,31.37856597,0.142818924,,0,0,4.7315257e-07,0,Stable,Stable
25.19333379,42.09249811,34.16072609,41.18973984,0.38824577,,0,0,1.1006508e-07,0,Stable,Stable
49.24659249,37.93152129,47.27550686,49.46989227,0.093530949,,0,0,8.686642e-07,0,Stable,Stable
14.69398566,41.28110958,17.84972075,20.9861407,0.825178031,,0,0,3.5733316e-07,0,Stable,Stable
9.09553131,33.53322148,32.15227538,18.22894654,0.025162383,125.0560151,0,0,2.7389328e-06,0,Stable,Stable
17.15011165,31.96205989,23.60642355,46.60152223,0.652381688,,0,0,5.467428e-07,0,Stable,Stable
29.27381867,35.86861297,55.79513888,34.94404647,0.83195173,,0,0,4.395308e-05,0,Stable,Stable
6.493841875,36.44936438,48.02924025,18.82783523,0.653176367,,1,1,0.99988556,0,Failure Risk,Failure Risk
15.74099966,35.82073283,18.7916335,14.80752054,0.482511904,,0,0,6.773441e-08,0,Stable,Stable
30.53476631,36.04718759,25.25644458,31.96883207,0.085568348,,0,0,4.211441e-08,0,Stable,Stable
17.64625668,38.04606874,46.65191068,23.82798018,0.519658146,,0,0,1.6683613e-07,0,Stable,Stable
5.614694755,38.08000357,30.58111483,24.73504388,0.26561804,,0,0,0.2606384,0,Stable,Stable
49.8265359,42.82771967,55.80419928,17.6168753,0.897597821,,0,0,5.6921537e-05,0,Stable,Stable
30.16858424,28.03589363,45.98415765,26.67723437,0.269383449,155.41111,0,0,4.2921587e-07,0,Stable,Stable
31.51129171,36.62089766,27.65385892,23.34088452,0.465101211,,0,0,4.6003407e-08,0,Stable,Stable
24.34472412,28.56140713,30.86209993,24.09202667,0.56790453,,0,0,1.8246149e-07,0,Stable,Stable
46.76653494,43.10909904,53.26552621,7.047423764,0.290072883,,0,0,3.1553134e-07,0,Stable,Stable
38.97170765,31.76976945,18.73690462,7.780486268,0.042271635,,0,0,7.4756684e-08,0,Stable,Stable
12.40532945,28.78063511,20.99717187,40.66997833,0.533764863,,0,0,1.3511836e-06,0,Stable,Stable
20.41426533,20.13365823,36.53820558,48.62407544,0.739960457,,0,0,0.000218814,0,Stable,Stable
35.18094941,34.43682245,47.65698696,38.98770451,0.565256875,,0,0,4.0290044e-07,0,Stable,Stable
9.570047154,24.99618148,47.19608783,19.3021828,0.843319065,,1,1,0.9999975,0,Failure Risk,Failure Risk
18.44077927,38.14758661,16.9537669,14.40357863,0.058701493,,0,0,5.974692e-08,0,Stable,Stable
10.03101671,29.8006764,57.39931096,10.49260765,0.609302076,,1,1,0.998201,0,Failure Risk,Failure Risk
36.46124734,41.62802011,59.23329897,46.74242206,0.907809797,,0,0,4.906785e-05,0,Stable,Stable
7.098865292,39.97111468,43.61503193,38.93090568,0.610883759,,0,0,0.21733066,0,Stable,Stable
21.73370519,44.21843722,15.94706634,21.22686649,0.223425189,,0,0,3.421749e-08,0,Stable,Stable
41.09995935,30.47999275,50.01592843,23.24052452,0.932936716,,0,0,7.429483e-05,0,Stable,Stable
7.936483511,44.51317921,46.81880339,15.26593697,0.828850129,,0,0,0.19065258,0,Stable,Stable
37.61917276,28.27382263,33.24313992,23.00761056,0.027891287,,0,0,1.1362771e-07,0,Stable,Stable
9.500814051,34.05869722,14.82662778,45.33223552,0.730695427,,0,0,0.0017238763,0,Stable,Stable
38.09154424,41.86703633,53.49345716,42.95315434,0.922988171,,0,0,6.8896607e-06,0,Stable,Stable
12.39084803,37.63338042,19.59644934,17.70540719,0.495672627,,0,0,1.0541558e-07,0,Stable,Stable
16.55143459,43.03186791,42.76915744,13.52261673,0.662195357,,0,0,3.6700914e-07,0,Stable,Stable
23.13377601,20.65596972,45.03607837,12.89547752,0.627834831,,0,0,0.00010437803,0,Stable,Stable
28.72846099,41.88869681,35.43044738,38.39501114,0.616777068,,0,0,1.3993998e-07,0,Stable,Stable
29.92262371,25.59314331,58.39304708,23.18438863,0.169703792,202.3587358,0,0,3.8343795e-05,0,Stable,Stable
7.416373457,43.52862368,32.97836544,45.82444327,0.125957635,,0,0,2.4303185e-05,0,Stable,Stable
14.21606862,25.8582948,48.25311989,24.9716938,0.668239493,,0,0,9.008956e-05,0,Stable,Stable
40.53704041,26.88049809,52.5429963,37.41071342,0.903321447,,0,0,0.00014140029,0,Stable,Stable
5.6154943,25.9678423,13.72010475,48.07606408,0.962622364,,1,1,0.99981636,0,Failure Risk,Failure Risk
20.03347478,43.29494136,38.37929074,36.45853833,0.339232845,,0,0,5.5148522e-08,0,Stable,Stable
43.75086094,29.76196101,47.20286185,25.47257742,0.344002916,,0,0,2.4765987e-07,0,Stable,Stable
29.74947871,28.50966775,42.17941382,32.62660826,0.174109702,,0,0,1.64936e-07,0,Stable,Stable
17.27005956,29.50232364,11.33794532,31.5141683,0.774649372,,0,0,4.5666093e-07,0,Stable,Stable
38.79177771,40.39378969,24.31284862,5.214726429,0.086575359,,0,0,7.1042216e-08,0,Stable,Stable
29.87193066,42.00430452,13.65435453,47.62085721,0.534517809,,0,0,2.1719974e-07,0,Stable,Stable
17.7081948,40.49723459,45.3204757,29.79017872,0.144722195,,0,0,7.3365456e-08,0,Stable,Stable
34.87145474,22.55199917,16.10675008,34.01514416,0.2390549,,0,0,9.075281e-07,0,Stable,Stable
26.93760254,22.58645709,57.0931097,11.72009553,0.507220181,,0,0,0.00022322091,0,Stable,Stable
41.15406061,41.70440132,15.85639654,45.52553873,0.985828614,,0,0,6.803617e-06,0,Stable,Stable
31.15165617,40.83068021,23.09540811,7.65401955,0.715612208,,0,0,1.8193414e-07,0,Stable,Stable
29.20653641,43.41262452,18.53291857,44.01224829,0.963912209,,0,0,2.7082676e-06,0,Stable,Stable
39.00694651,36.51822425,58.86668914,27.70594412,0.963729779,,0,0,0.00012062273,0,Stable,Stable
37.57855432,21.46329348,13.48556817,11.9858238,0.689762376,,0,0,9.821473e-06,0,Stable,Stable
31.44958082,44.17795886,56.45765193,21.47373446,0.77791922,,0,0,2.9869494e-05,0,Stable,Stable
16.20589829,32.52078166,43.28743612,10.39245332,0.310148466,,0,0,1.3238036e-07,0,Stable,Stable
10.61679511,43.33252621,49.93384332,30.75449641,0.07948813,,0,0,5.9928726e-07,0,Stable,Stable
27.28272165,37.99314589,29.15772794,13.26827139,0.707317072,,0,0,1.8210756e-07,0,Stable,Stable
45.6038588,37.07606868,27.27923964,10.88250594,0.63001251,,0,0,1.611672e-07,0,Stable,Stable
23.02947508,35.20820865,30.50747773,25.45170345,0.08373446,,0,0,4.106788e-08,0,Stable,Stable
25.28230935,24.80124416,40.54219545,29.92119856,0.307355525,,0,0,2.8580519e-06,0,Stable,Stable
6.289066909,43.33591476,23.85865864,28.33890485,0.741152888,,0,0,0.0050301533,0,Stable,Stable
26.41917607,32.72053621,13.7826301,47.56084697,0.079693109,212.7837295,0,0,2.2853563e-07,0,Stable,Stable
27.79255405,43.98337921,13.3141786,14.80588798,0.184105706,,0,0,5.7013075e-08,0,Stable,Stable
10.96469506,23.85377367,44.21840758,21.71571185,0.642849393,,1,1,0.99488705,0,Failure Risk,Failure Risk
12.33796403,22.07022572,48.69743345,16.12426345,0.943321905,,1,1,0.9995877,0,Failure Risk,Failure Risk
6.141716962,28.05804581,48.4986323,6.268259629,0.488301783,,1,1,0.99999774,0,Failure Risk,Failure Risk
9.885341512,32.77479625,36.73038937,17.56922429,0.820801856,,0,1,0.8751339,1,Stable,Failure Risk
20.86375331,42.18697212,56.17743665,43.21869272,0.701146081,,0,0,1.3320597e-05,0,Stable,Stable
33.23368001,38.74383581,33.70013406,44.88645965,0.534087477,,0,0,4.2705267e-07,0,Stable,Stable
19.14086842,21.47011335,13.88673176,41.59540268,0.306956303,,0,0,4.632648e-06,0,Stable,Stable
36.61877588,23.15689719,22.3493908,31.14337631,0.256980137,,0,0,1.3023534e-06,0,Stable,Stable
18.4948583,42.82582745,23.15177111,8.474907685,0.104204333,,0,0,7.4587916e-08,0,Stable,Stable
38.47014186,35.47485013,31.9776673,22.35700871,0.575151209,,0,0,7.426552e-08,0,Stable,Stable
16.28618596,24.11939717,17.20581012,18.29199178,0.868560784,,0,0,8.451541e-06,0,Stable,Stable
42.90269444,37.79625557,39.90962409,37.78188597,0.313022949,,0,0,9.017825e-08,0,Stable,Stable
22.16472342,29.319569,36.84931922,12.29311966,0.783502615,,0,0,2.369929e-06,0,Stable,Stable
41.46364118,26.53367283,10.30038302,11.00299327,0.395283581,,0,0,2.4106677e-07,0,Stable,Stable
9.028206491,23.956489,37.95744142,30.18373259,0.300966816,,1,1,0.9847473,0,Failure Risk,Failure Risk
18.00310186,21.06358712,51.14235903,38.19372896,0.664547045,,0,0,0.0002255705,0,Stable,Stable
15.81452458,22.21115367,57.97225791,18.24373179,0.796301261,,0,0,0.0024020015,0,Stable,Stable
49.11449327,39.53466424,12.75683676,11.39156567,0.332863842,,0,0,5.9640804e-08,0,Stable,Stable
42.3562506,37.0088048,10.3639332,48.50708533,0.705337611,,0,0,3.6598365e-07,0,Stable,Stable
27.84789338,35.32368821,22.10789999,47.29146137,0.262693455,,0,0,2.7501562e-07,0,Stable,Stable
11.77018478,36.09986182,27.45668715,9.273976997,0.289151786,,0,0,1.9255333e-07,0,Stable,Stable
46.23119615,35.02927322,36.16280074,23.68483893,0.907645365,,0,0,1.7910256e-06,0,Stable,Stable
17.71950437,27.99503115,52.62633348,38.46554313,0.661518516,,0,0,1.0364885e-05,0,Stable,Stable
28.2081247,27.90873219,56.82577246,15.89722539,0.65678928,,0,0,0.00015294352,0,Stable,Stable
10.95276686,24.8968302,14.37009429,26.56625703,0.350739411,,0,0,1.43768675e-05,0,Stable,Stable
8.765644471,23.98726585,36.99871866,35.06953368,0.977570441,,1,1,0.9999943,0,Failure Risk,Failure Risk
18.12757492,38.4369118,26.76560706,21.61882341,0.44781795,,0,0,4.923138e-08,0,Stable,Stable
19.14416954,27.57477327,16.41386971,14.88039763,0.169368407,,0,0,1.6050979e-07,0,Stable,Stable
37.62932085,41.5585403,38.6372193,38.43442647,0.220806639,221.781861,0,0,7.8982296e-08,0,Stable,Stable
14.57828469,29.97754848,43.69859059,35.87042727,0.322695797,,0,0,4.2126388e-07,0,Stable,Stable
11.20779547,30.64525774,52.26012676,14.86721948,0.943063889,,1,1,0.99130464,0,Failure Risk,Failure Risk
48.3253929,34.50229844,58.21663004,22.87958137,0.734752943,,0,0,4.453975e-05,0,Stable,Stable
42.45182987,27.32492267,44.67522643,12.81286623,0.704458526,,0,0,4.344325e-06,0,Stable,Stable
48.55154616,21.87991386,53.25854929,9.992808939,0.683646732,,0,0,0.00017680346,0,Stable,Stable
12.27272273,29.68396224,11.48425861,6.289009159,0.432240782,,0,0,4.3055854e-07,0,Stable,Stable
8.710613509,40.10896278,22.93082448,46.6528513,0.111091887,,0,0,5.4213965e-06,0,Stable,Stable
31.83709247,23.45036514,53.85372908,24.24146331,0.640406227,,0,0,0.00011453535,0,Stable,Stable
13.36834508,39.95713192,40.17856761,19.55181308,0.348922855,,0,0,1.0900855e-07,0,Stable,Stable
38.89460474,30.23068985,47.93733108,19.68503307,0.578631918,,0,0,1.4725598e-06,0,Stable,Stable
32.02509452,35.50954874,44.6872951,15.38142401,0.071028,,0,0,9.0222294e-08,0,Stable,Stable
42.21270613,36.12455655,38.64895857,27.88919877,0.217982921,108.022614,0,0,4.2336048e-08,0,Stable,Stable
8.494156191,34.31035945,20.90640198,15.7376204,0.336209012,,0,0,5.28935e-06,0,Stable,Stable
31.22912125,27.06477081,39.19792012,16.4819576,0.852719457,,0,0,4.3807036e-06,0,Stable,Stable
6.45081665,40.01705891,38.03247339,34.57659839,0.634466186,,1,1,0.5913336,0,Failure Risk,Failure Risk
9.207156271,28.70102676,36.08750493,18.86641712,0.206762199,,0,0,0.0019452493,0,Stable,Stable
35.80449949,30.54591831,52.05690914,13.08750854,0.963875453,,0,0,0.00031249784,0,Stable,Stable
5.684743836,33.62076033,10.55992627,33.63457981,0.316175705,,0,0,0.015438824,0,Stable,Stable
25.34459926,36.64482738,41.85582874,38.83049739,0.683713969,,0,0,1.9241931e-07,0,Stable,Stable
18.68495033,28.12468524,23.80347684,23.69503924,0.397704705,,0,0,9.462846e-08,0,Stable,Stable
46.40003756,38.47761341,39.56703167,15.26649461,0.499189229,,0,0,1.1580508e-07,0,Stable,Stable
46.57309809,23.55643112,53.9489592,13.37142842,0.332767494,,0,0,6.874026e-05,0,Stable,Stable
28.57350232,35.31639738,53.88439247,21.47051397,0.271521079,,0,0,1.4288323e-06,0,Stable,Stable
31.88071854,23.4195836,34.58588221,21.44514275,0.362690595,108.3119378,0,0,2.517419e-06,0,Stable,Stable
11.99930412,20.58346707,36.38604007,5.882229383,0.311393375,,0,0,0.009610968,0,Stable,Stable
34.08807815,26.80629538,37.70049272,15.87638011,0.032745755,137.6813318,0,0,2.412404e-07,0,Stable,Stable
39.91376474,34.89926898,55.42068466,29.16679294,0.749397778,,0,0,3.4817884e-05,0,Stable,Stable
34.60002833,25.01616022,37.31429746,23.21754363,0.683369191,,0,0,8.268536e-06,0,Stable,Stable
39.04672703,22.25924371,18.01818478,48.52302228,0.4136267,,0,0,1.1728551e-05,0,Stable,Stable
40.23447608,36.822559,41.69397341,26.10984009,0.155023456,,0,0,4.473762e-08,0,Stable,Stable
11.15397606,22.52409528,14.71647066,24.74464008,0.145298418,,0,0,3.4546607e-05,0,Stable,Stable
40.14251685,43.16604919,51.11379458,9.998368909,0.769144058,82.70213378,0,0,4.003712e-06,0,Stable,Stable
23.37200483,25.33796226,43.5640289,10.22692006,0.490370093,,0,0,6.1590167e-06,0,Stable,Stable
21.52020953,29.15374093,24.76080978,19.21443264,0.946775803,,0,0,1.5136883e-05,0,Stable,Stable
38.30672272,27.35074345,43.89649532,46.00924375,0.322946601,,0,0,3.946673e-06,0,Stable,Stable
9.551797606,36.33645696,24.26889773,23.53139327,0.953438825,,0,0,0.03637969,0,Stable,Stable
13.4230374,41.16580133,57.21018074,43.69770043,0.093680443,,0,0,3.6224297e-05,0,Stable,Stable
11.92383363,41.03620064,21.78169785,21.58901853,0.752826565,,0,0,3.5781264e-07,0,Stable,Stable
5.2016762,31.93403817,42.41234113,24.84891376,0.62150368,,1,1,0.9999962,0,Failure Risk,Failure Risk
40.98021423,43.80089774,33.35438717,20.85423364,0.696603082,,0,0,1.0553568e-07,0,Stable,Stable
19.79872846,32.64444688,24.63340536,14.9146454,0.529773947,,0,0,1.3434033e-07,0,Stable,Stable
16.00283738,39.73157492,55.8111296,48.83436359,0.011493421,,0,0,7.830191e-06,0,Stable,Stable
14.0873389,30.62155145,53.0548246,47.3404226,0.841580763,,0,0,0.000345268,0,Stable,Stable
6.823378645,21.39165982,20.84305664,24.87278769,0.278509066,,1,1,0.9992555,0,Failure Risk,Failure Risk
46.74969943,28.55565772,21.94819503,19.04172581,0.026415654,,0,0,1.1267993e-07,0,Stable,Stable
12.50355059,22.13123113,55.00798536,40.90092288,0.77973439,,1,1,0.9997403,0,Failure Risk,Failure Risk
24.72714037,22.72105807,39.07243189,41.42039787,0.291247775,,0,0,9.3601175e-06,0,Stable,Stable
25.91256903,36.43954717,17.68175414,6.036050785,0.909700222,,0,0,2.097414e-06,0,Stable,Stable
48.78206656,20.70615516,42.63243871,36.27344506,0.805383201,,0,0,0.00017467319,0,Stable,Stable
21.25502309,30.7704922,43.2347533,32.54523054,0.589328185,,0,0,1.1749985e-06,0,Stable,Stable
31.79978156,31.39122802,24.59654808,33.84912673,0.962175924,,0,0,3.1961065e-06,0,Stable,Stable
12.0015646,29.55742537,39.51109044,32.73640542,0.624462614,,0,0,0.0001622547,0,Stable,Stable
44.88693731,28.56528426,43.36751895,11.62198095,0.920966389,250.625832,0,0,9.3016606e-05,0,Stable,Stable
5.496263792,39.91645935,23.37835999,18.31640405,0.497589265,,0,0,0.3458448,0,Stable,Stable
38.98030052,36.41245781,25.17194237,34.97124573,0.792488915,,0,0,1.2826206e-07,0,Stable,Stable
14.03918311,38.79724479,40.77094652,21.32964655,0.754545688,,0,0,7.292813e-07,0,Stable,Stable
9.291821355,29.92867256,26.74176764,20.96846388,0.234080435,,0,0,0.00021085108,0,Stable,Stable
45.28162215,25.96564872,21.49610662,46.15381367,0.272656757,,0,0,1.6328469e-06,0,Stable,Stable
8.814176297,31.31067216,14.42439318,36.7309497,0.476150823,,0,0,1.5565613e-05,0,Stable,Stable
24.72930014,40.46375628,44.88161296,22.88908111,0.624403008,,0,0,2.8267598e-07,0,Stable,Stable
11.93340796,32.64579843,35.36501163,42.01723269,0.482612499,147.3013251,0,0,9.104972e-07,0,Stable,Stable
22.01773165,44.27228148,43.86689875,30.66573521,0.919206227,,0,0,3.825692e-06,0,Stable,Stable
48.1929542,24.22392603,33.28659305,24.32533966,0.478272924,,0,0,1.5337482e-06,0,Stable,Stable
10.1322634,28.74628468,22.98555401,35.66826853,0.98838736,,1,0,0.16353679,1,Failure Risk,Stable
44.88330851,22.83172708,27.60565581,30.7249161,0.974369776,,0,0,0.00012770023,0,Stable,Stable
20.47201211,25.04755383,57.6297836,8.586572767,0.21891269,,0,0,8.015379e-05,0,Stable,Stable
27.46451766,41.44417732,57.36484817,33.64762909,0.564545987,,0,0,8.047465e-06,0,Stable,Stable
